name,lang,id,n,size(B),cpu(s),mem(KB),status,load,elapsed(s)
binarytrees,swift,1,7,714,0.022,0,0,33% 67% 0% 0%,0.022
binarytrees,swift,1,14,714,0.663,1820,0,76% 96% 58% 48%,0.248
binarytrees,swift,1,21,714,139.691,737460,0,72% 63% 70% 95%,46.695
binarytrees,mri,1,7,376,0.019,0,0,65% 0% 0% 0%,0.193
binarytrees,mri,1,14,376,3.916,18744,0,100% 1% 0% 0%,3.920
binarytrees,mri,1,21,376,1839.733,1558300,0,80% 21% 1% 1%,1841.282
binarytrees,jruby,4,7,364,9.409,164388,0,74% 73% 80% 76%,3.125
binarytrees,jruby,4,14,364,10.956,230312,0,67% 78% 71% 64%,3.921
binarytrees,jruby,4,21,364,172.767,1772816,0,40% 40% 61% 44%,93.773
binarytrees,mri,4,7,364,0.014,0,0,0% 100% 0% 50%,0.016
binarytrees,mri,4,14,364,3.402,18732,0,1% 100% 0% 1%,3.405
binarytrees,mri,4,21,364,1748.289,1558692,0,18% 2% 10% 71%,1749.831
binarytrees,typescript,2,7,448,0.110,0,0,0% 100% 9% 8%,0.110
binarytrees,typescript,2,14,448,0.292,900,0,4% 8% 100% 4%,0.264
binarytrees,typescript,2,21,448,95.213,659196,0,59% 57% 47% 52%,44.478
binarytrees,yarv,5,7,1083,0.127,7140,0,0% 96% 2% 0%,0.521
binarytrees,yarv,5,14,1083,0.850,39628,0,65% 67% 68% 38%,0.367
binarytrees,yarv,5,21,1083,140.986,367192,0,65% 62% 92% 59%,50.967
binarytrees,php,1,7,451,0.013,0,0,28% 0% 7% 0%,0.261
binarytrees,php,1,14,451,0.828,15728,0,100% 1% 1% 0%,0.829
binarytrees,php,1,21,451,228.331,734884,0,29% 0% 0% 72%,228.499
binarytrees,sbcl,2,7,649,0.000,21116,-1,0% 1% 1% 0%,300.586
binarytrees,sbcl,2,14,649,0.000,21116,-1,0% 1% 1% 0%,300.586
binarytrees,sbcl,2,21,649,0.000,21116,-1,0% 1% 1% 0%,300.586
binarytrees,hipe,2,7,478,0.180,0,0,23% 67% 8% 38%,0.135
binarytrees,hipe,2,14,478,0.287,0,0,33% 76% 24% 47%,0.166
binarytrees,hipe,2,21,478,23.315,399604,0,71% 77% 85% 73%,7.632
binarytrees,mri,2,7,378,0.016,0,0,0% 100% 0% 25%,0.029
binarytrees,mri,2,14,378,3.871,18724,0,100% 1% 0% 0%,3.875
binarytrees,mri,2,21,378,1839.647,1558396,0,35% 17% 1% 49%,1841.269
binarytrees,gpp,3,7,945,0.004,0,0,%,0.000
binarytrees,gpp,3,14,945,0.044,0,0,50% 50% 100% 50%,0.020
binarytrees,gpp,3,21,945,11.894,231608,0,56% 76% 94% 38%,4.543
binarytrees,truffle,2,7,378,15.850,232960,0,80% 88% 84% 88%,4.688
binarytrees,truffle,2,14,378,31.032,421256,0,93% 87% 89% 88%,8.682
binarytrees,truffle,2,21,378,815.907,1176568,0,71% 72% 82% 77%,271.364
binarytrees,go,4,7,654,0.005,0,0,%,0.000
binarytrees,go,4,14,654,0.427,0,0,71% 77% 67% 64%,0.151
binarytrees,go,4,21,654,109.578,434632,0,94% 95% 95% 97%,28.798
binarytrees,python3,2,7,338,0.147,1452,0,3% 6% 3% 94%,0.312
binarytrees,python3,2,14,338,1.608,10860,0,100% 0% 0% 4%,1.609
binarytrees,python3,2,21,338,307.845,275916,0,0% 14% 87% 0%,307.985
binarytrees,vw,3,7,938,0.208,1264,0,5% 95% 10% 0%,0.216
binarytrees,vw,3,14,938,0.420,56728,0,100% 2% 2% 2%,0.425
binarytrees,vw,3,21,938,83.716,375020,0,59% 78% 64% 71%,31.150
binarytrees,yarv,2,7,378,0.065,0,0,0% 0% 86% 0%,0.067
binarytrees,yarv,2,14,378,0.985,11472,0,100% 3% 0% 0%,0.987
binarytrees,yarv,2,21,378,179.321,561492,0,13% 88% 0% 0%,179.438
binarytrees,gnat,4,7,2107,0.005,0,0,0% 0% 0% 0%,0.016
binarytrees,gnat,4,14,2107,0.135,0,0,44% 50% 63% 43%,0.075
binarytrees,gnat,4,21,2107,26.607,202576,0,84% 74% 90% 73%,8.415
binarytrees,hack,3,7,425,0.288,1996,0,3% 94% 0% 0%,0.303
binarytrees,hack,3,14,425,0.428,81900,0,96% 0% 0% 7%,0.450
binarytrees,hack,3,21,425,29.987,351104,0,27% 74% 1% 1%,30.021
binarytrees,typescript,1,7,451,0.112,0,0,100% 0% 0% 9%,0.112
binarytrees,typescript,1,14,451,0.278,952,0,0% 96% 15% 0%,0.265
binarytrees,typescript,1,21,451,94.747,658628,0,60% 43% 42% 69%,44.741
binarytrees,jruby,3,7,400,9.535,165940,0,86% 74% 68% 77%,3.151
binarytrees,jruby,3,14,400,10.958,221244,0,68% 75% 79% 63%,3.887
binarytrees,jruby,3,21,400,107.619,1868412,0,17% 43% 26% 33%,91.370
binarytrees,fsharpcore,2,7,482,0.178,0,0,94% 5% 0% 0%,0.179
binarytrees,fsharpcore,2,14,482,0.400,792,0,5% 95% 0% 3%,0.394
binarytrees,fsharpcore,2,21,482,42.893,1104908,0,27% 29% 18% 40%,38.249
binarytrees,fsharpcore,4,7,488,0.180,0,0,0% 0% 95% 20%,0.181
binarytrees,fsharpcore,4,14,488,0.377,792,0,3% 0% 95% 6%,0.368
binarytrees,fsharpcore,4,21,488,36.181,982168,0,22% 26% 30% 37%,31.648
binarytrees,ghc,2,7,491,0.006,0,0,0% 25% 0% 50%,0.029
binarytrees,ghc,2,14,491,0.273,0,0,31% 21% 93% 31%,0.156
binarytrees,ghc,2,21,491,55.833,453912,0,96% 35% 35% 38%,27.526
binarytrees,csharpcore,3,7,676,0.111,0,0,0% 8% 8% 92%,0.128
binarytrees,csharpcore,3,14,676,0.365,756,0,30% 40% 80% 20%,0.214
binarytrees,csharpcore,3,21,676,49.146,1905176,0,89% 79% 80% 78%,15.233
binarytrees,truffle,5,7,1107,15.927,250424,0,85% 85% 80% 90%,4.726
binarytrees,truffle,5,14,1107,0.000,434152,-10,92% 90% 91% 89%,10.001
binarytrees,truffle,5,21,1107,0.000,434152,-10,92% 90% 91% 89%,10.001
binarytrees,truffle,3,7,400,18.265,243400,0,85% 89% 83% 86%,5.360
binarytrees,truffle,3,14,400,33.336,423772,0,87% 89% 91% 87%,9.424
binarytrees,truffle,3,21,400,729.360,1177716,0,73% 71% 74% 76%,248.686
binarytrees,go,3,7,640,0.005,0,0,%,0.000
binarytrees,go,3,14,640,0.687,0,0,85% 90% 90% 79%,0.200
binarytrees,go,3,21,640,137.766,874404,0,99% 96% 97% 95%,35.706
binarytrees,mri,5,7,1083,0.000,0,-2,0% 0% 0% 33%,0.028
binarytrees,mri,5,14,1083,0.000,0,-2,0% 0% 0% 33%,0.028
binarytrees,mri,5,21,1083,0.000,0,-2,0% 0% 0% 33%,0.028
binarytrees,rust,1,7,751,0.004,0,0,0% 100% 0% 0%,0.016
binarytrees,rust,1,14,751,0.110,0,0,80% 75% 80% 50%,0.045
binarytrees,rust,1,21,751,21.401,119720,0,94% 77% 78% 90%,6.361
binarytrees,go,9,7,508,0.004,0,0,100% 0% 50% 0%,0.012
binarytrees,go,9,14,508,0.344,948,0,37% 34% 41% 19%,0.282
binarytrees,go,9,21,508,97.467,257972,0,41% 48% 41% 45%,56.287
binarytrees,hipe,1,7,420,0.175,0,0,50% 60% 0% 29%,0.137
binarytrees,hipe,1,14,420,0.264,952,0,27% 23% 57% 41%,0.217
binarytrees,hipe,1,21,420,21.631,554100,0,45% 11% 45% 2%,21.460
binarytrees,php,7,7,751,0.028,0,0,5% 0% 91% 9%,0.219
binarytrees,php,7,14,751,0.779,50248,0,84% 89% 73% 69%,0.256
binarytrees,php,7,21,751,197.599,1551888,0,87% 71% 77% 81%,85.018
binarytrees,hack,1,7,451,0.296,2012,0,0% 97% 3% 0%,0.311
binarytrees,hack,1,14,451,1.092,90904,0,2% 98% 4% 0%,1.109
binarytrees,hack,1,21,451,165.982,614816,0,8% 61% 34% 3%,166.087
binarytrees,hack,4,7,742,0.413,81992,0,2% 73% 11% 11%,0.444
binarytrees,hack,4,14,742,0.642,82276,0,75% 15% 13% 19%,0.544
binarytrees,hack,4,21,742,34.163,351656,0,86% 87% 81% 63%,10.902
binarytrees,yarv,3,7,400,0.068,0,0,100% 0% 0% 0%,0.083
binarytrees,yarv,3,14,400,1.002,11036,0,99% 2% 0% 0%,1.004
binarytrees,yarv,3,21,400,182.259,433576,0,80% 21% 0% 0%,182.391
binarytrees,lua,2,7,412,0.009,0,0,100% 50% 0% 0%,0.011
binarytrees,lua,2,14,412,1.682,15700,0,100% 2% 1% 1%,1.686
binarytrees,lua,2,21,412,467.623,2312236,0,59% 1% 1% 42%,468.115
binarytrees,gpp,6,7,844,0.004,0,0,%,0.000
binarytrees,gpp,6,14,844,0.051,0,0,100% 50% 100% 50%,0.022
binarytrees,gpp,6,21,844,11.000,226000,0,37% 70% 90% 55%,4.414
binarytrees,fsharpcore,6,7,611,0.122,0,0,6% 21% 47% 44%,0.178
binarytrees,fsharpcore,6,14,611,0.267,0,0,26% 17% 84% 32%,0.190
binarytrees,fsharpcore,6,21,611,28.838,1055608,0,82% 81% 85% 83%,8.809
binarytrees,sbcl,1,7,594,0.000,21116,-1,0% 1% 0% 0%,300.581
binarytrees,sbcl,1,14,594,0.000,21116,-1,0% 1% 0% 0%,300.581
binarytrees,sbcl,1,21,594,0.000,21116,-1,0% 1% 0% 0%,300.581
binarytrees,perl,1,7,395,0.010,0,0,0% 100% 0% 0%,0.088
binarytrees,perl,1,14,395,2.161,8980,0,100% 0% 0% 2%,2.164
binarytrees,perl,1,21,395,430.485,598628,0,9% 1% 1% 91%,430.664
binarytrees,gnat,5,7,2107,0.006,0,0,0% 0% 0% 75%,0.036
binarytrees,gnat,5,14,2107,0.128,0,0,44% 43% 67% 57%,0.073
binarytrees,gnat,5,21,2107,26.489,202500,0,93% 80% 73% 80%,8.270
binarytrees,ifc,2,7,1148,0.006,0,0,%,0.000
binarytrees,ifc,2,14,1148,0.138,0,0,83% 80% 75% 80%,0.042
binarytrees,ifc,2,21,1148,17.297,115892,0,63% 68% 66% 100%,5.843
binarytrees,ghc,6,7,592,0.000,0,-11,%,0.000
binarytrees,ghc,6,14,592,0.000,0,-11,%,0.000
binarytrees,ghc,6,21,592,0.000,0,-11,%,0.000
binarytrees,csharpcore,2,7,586,0.096,0,0,100% 9% 0% 0%,0.098
binarytrees,csharpcore,2,14,586,0.201,0,0,0% 5% 0% 95%,0.200
binarytrees,csharpcore,2,21,586,19.534,817300,0,37% 27% 32% 15%,17.812
binarytrees,gcc,5,7,908,0.003,0,0,%,0.000
binarytrees,gcc,5,14,908,0.306,0,0,73% 83% 83% 82%,0.113
binarytrees,gcc,5,21,908,68.465,351304,0,91% 80% 98% 91%,19.050
binarytrees,dart,1,7,457,0.200,0,0,24% 41% 6% 56%,0.171
binarytrees,dart,1,14,457,0.347,936,0,27% 6% 15% 75%,0.315
binarytrees,dart,1,21,457,48.654,550668,0,27% 63% 31% 8%,38.019
binarytrees,fsharpcore,1,7,506,0.109,0,0,8% 100% 0% 9%,0.110
binarytrees,fsharpcore,1,14,506,0.282,756,0,7% 89% 14% 4%,0.276
binarytrees,fsharpcore,1,21,506,33.026,1041376,0,30% 27% 22% 38%,28.594
binarytrees,java,6,7,529,0.392,2208,0,21% 32% 87% 44%,0.239
binarytrees,java,6,14,529,0.533,1020,0,59% 33% 35% 42%,0.334
binarytrees,java,6,21,529,16.126,871440,0,12% 83% 23% 12%,12.658
binarytrees,fsharpcore,8,7,619,0.120,0,0,0% 100% 8% 8%,0.117
binarytrees,fsharpcore,8,14,619,0.262,0,0,27% 47% 75% 25%,0.163
binarytrees,fsharpcore,8,21,619,28.640,1049740,0,87% 88% 83% 82%,8.536
binarytrees,racket,1,7,476,0.080,0,0,11% 13% 88% 0%,0.082
binarytrees,racket,1,14,476,0.221,2612,0,5% 4% 5% 100%,0.223
binarytrees,racket,1,21,476,49.169,619480,0,0% 35% 66% 0%,49.222
binarytrees,node,1,7,440,0.110,0,0,91% 9% 0% 0%,0.119
binarytrees,node,1,14,440,0.289,956,0,4% 12% 96% 8%,0.263
binarytrees,node,1,21,440,95.926,663104,0,43% 80% 45% 45%,45.408
binarytrees,truffle,4,7,364,15.608,231168,0,88% 90% 78% 82%,4.648
binarytrees,truffle,4,14,364,32.217,481196,0,91% 88% 91% 91%,8.992
binarytrees,truffle,4,21,364,632.178,1207848,0,72% 68% 74% 74%,220.854
binarytrees,rust,2,7,721,0.000,0,-11,%,0.000
binarytrees,rust,2,14,721,0.000,0,-11,%,0.000
binarytrees,rust,2,21,721,0.000,0,-11,%,0.000
binarytrees,yarv,4,7,364,0.080,6920,0,4% 98% 2% 0%,0.562
binarytrees,yarv,4,14,364,0.744,11328,0,100% 4% 3% 3%,0.746
binarytrees,yarv,4,21,364,127.784,547416,0,0% 1% 1% 100%,127.912
binarytrees,gpp,1,7,754,0.005,0,0,%,0.000
binarytrees,gpp,1,14,754,0.087,0,0,50% 75% 60% 75%,0.043
binarytrees,gpp,1,21,754,31.385,1810688,0,97% 92% 92% 92%,8.501
binarytrees,jruby,2,7,378,9.439,158836,0,72% 73% 66% 90%,3.177
binarytrees,jruby,2,14,378,11.067,233396,0,65% 87% 68% 64%,3.939
binarytrees,jruby,2,21,378,176.756,2332304,0,26% 25% 55% 63%,106.726
binarytrees,gcc,3,7,836,0.004,0,0,%,0.000
binarytrees,gcc,3,14,836,0.054,0,0,67% 67% 50% 67%,0.028
binarytrees,gcc,3,21,836,7.569,133956,0,80% 65% 68% 100%,2.439
binarytrees,python3,1,7,589,0.378,11004,0,3% 2% 80% 2%,0.586
binarytrees,python3,1,14,589,2.014,16152,0,92% 49% 49% 52%,0.841
binarytrees,python3,1,21,589,337.740,280624,0,92% 89% 87% 93%,93.553
binarytrees,csharpcore,4,7,810,0.108,0,0,0% 0% 46% 60%,0.137
binarytrees,csharpcore,4,14,810,0.228,0,0,50% 42% 54% 33%,0.138
binarytrees,csharpcore,4,21,810,26.126,877360,0,80% 80% 81% 79%,8.259
binarytrees,php,5,7,1040,0.024,0,0,14% 0% 17% 83%,0.060
binarytrees,php,5,14,1040,1.101,10424,0,63% 85% 38% 88%,0.407
binarytrees,php,5,21,1040,222.044,736908,0,91% 95% 0% 95%,79.007
binarytrees,swift,9,7,1001,0.019,0,0,0% 0% 70% 0%,0.082
binarytrees,swift,9,14,1001,0.105,0,0,40% 60% 100% 50%,0.052
binarytrees,swift,9,21,1001,14.171,192172,0,60% 60% 63% 100%,5.053
binarytrees,fpascal,1,7,715,0.002,0,0,0% 0% 100% 0%,0.020
binarytrees,fpascal,1,14,715,0.156,0,0,0% 19% 100% 6%,0.157
binarytrees,fpascal,1,21,715,36.397,262180,0,100% 1% 1% 0%,36.424
binarytrees,go,7,7,525,0.003,0,0,%,0.000
binarytrees,go,7,14,525,0.357,948,0,57% 19% 24% 25%,0.285
binarytrees,go,7,21,525,101.848,256892,0,46% 42% 45% 43%,58.116
binarytrees,yarv,1,7,376,0.070,0,0,0% 0% 88% 13%,0.072
binarytrees,yarv,1,14,376,0.961,11184,0,100% 3% 0% 1%,0.963
binarytrees,yarv,1,21,376,170.859,549480,0,1% 1% 0% 100%,170.999
binarytrees,fsharpcore,7,7,516,0.240,768,0,0% 0% 92% 12%,0.235
binarytrees,fsharpcore,7,14,516,0.475,792,0,21% 27% 22% 85%,0.335
binarytrees,fsharpcore,7,21,516,51.179,1220380,0,78% 79% 79% 81%,16.997
binarytrees,java,4,7,840,0.419,2224,0,44% 36% 50% 44%,0.252
binarytrees,java,4,14,840,0.562,2236,0,69% 30% 40% 37%,0.337
binarytrees,java,4,21,840,16.910,786092,0,45% 39% 25% 30%,12.374
binarytrees,php,3,7,428,0.010,0,0,50% 100% 0% 0%,0.018
binarytrees,php,3,14,428,0.672,21908,0,0% 4% 100% 0%,0.675
binarytrees,php,3,21,428,223.651,1551796,0,5% 13% 19% 66%,223.816
binarytrees,go,2,7,660,0.003,0,0,%,0.000
binarytrees,go,2,14,660,0.401,0,0,77% 79% 69% 86%,0.134
binarytrees,go,2,21,660,115.730,414780,0,97% 95% 96% 96%,30.231
binarytrees,sbcl,3,7,943,0.011,0,0,100% 50% 0% 0%,0.012
binarytrees,sbcl,3,14,943,0.129,0,0,50% 50% 60% 67%,0.059
binarytrees,sbcl,3,21,943,21.438,369508,0,62% 62% 77% 58%,8.489
binarytrees,gcc,1,7,654,0.002,0,0,%,0.000
binarytrees,gcc,1,14,654,0.151,0,0,7% 7% 100% 0%,0.153
binarytrees,gcc,1,21,654,37.064,263700,0,0% 1% 0% 100%,37.090
binarytrees,gpp,9,7,809,0.012,0,0,%,0.000
binarytrees,gpp,9,14,809,0.059,0,0,100% 67% 50% 67%,0.030
binarytrees,gpp,9,21,809,7.988,135568,0,85% 96% 69% 66%,2.549
binarytrees,gnat,3,7,1266,0.011,0,0,100% 33% 0% 100%,0.020
binarytrees,gnat,3,14,1266,0.476,908,0,62% 56% 62% 61%,0.250
binarytrees,gnat,3,21,1266,84.884,528180,0,83% 90% 84% 83%,24.973
binarytrees,java,2,7,552,0.390,1836,0,28% 75% 27% 38%,0.243
binarytrees,java,2,14,552,0.540,1020,0,36% 31% 71% 47%,0.328
binarytrees,java,2,21,552,16.427,842424,0,23% 66% 22% 18%,12.924
binarytrees,fsharpcore,5,7,515,0.098,0,0,90% 0% 20% 10%,0.099
binarytrees,fsharpcore,5,14,515,0.000,780,-10,0% 4% 17% 92%,0.232
binarytrees,fsharpcore,5,21,515,0.000,780,-10,0% 4% 17% 92%,0.232
binarytrees,perl,3,7,648,0.029,0,0,25% 0% 0% 100%,0.038
binarytrees,perl,3,14,648,3.047,26284,0,88% 62% 84% 94%,0.941
binarytrees,perl,3,21,648,609.324,2199432,0,83% 93% 77% 81%,183.128
binarytrees,java,3,7,540,0.384,2272,0,25% 54% 56% 31%,0.246
binarytrees,java,3,14,540,0.518,1020,0,38% 21% 79% 25%,0.325
binarytrees,java,3,21,540,16.035,826544,0,38% 8% 15% 68%,12.497
binarytrees,ghc,5,7,561,0.000,0,-11,%,0.000
binarytrees,ghc,5,14,561,0.000,0,-11,%,0.000
binarytrees,ghc,5,21,561,0.000,0,-11,%,0.000
binarytrees,gnat,1,7,888,0.004,0,0,%,0.000
binarytrees,gnat,1,14,888,0.193,0,0,100% 5% 6% 0%,0.195
binarytrees,gnat,1,21,888,41.309,265428,0,0% 45% 56% 0%,41.334
binarytrees,ocaml,2,7,751,0.004,0,0,%,0.000
binarytrees,ocaml,2,14,751,0.101,0,0,75% 75% 60% 100%,0.040
binarytrees,ocaml,2,21,751,30.167,115968,0,89% 89% 82% 44%,10.025
binarytrees,ocaml,5,7,461,0.003,0,0,100% 0% 0% 0%,0.020
binarytrees,ocaml,5,14,461,0.069,0,0,0% 17% 100% 0%,0.071
binarytrees,ocaml,5,21,461,22.761,151984,0,100% 1% 1% 1%,22.786
binarytrees,ifc,1,7,773,0.004,0,0,%,0.000
binarytrees,ifc,1,14,773,0.324,2404,0,0% 6% 100% 0%,0.325
binarytrees,ifc,1,21,773,65.596,250956,0,0% 6% 95% 0%,65.640
binarytrees,hack,2,7,422,0.301,1480,0,47% 3% 3% 53%,0.330
binarytrees,hack,2,14,422,1.042,90984,0,99% 1% 3% 1%,1.060
binarytrees,hack,2,21,422,152.096,614752,0,6% 95% 1% 1%,152.195
binarytrees,php,2,7,423,0.010,0,0,0% 93% 0% 0%,0.107
binarytrees,php,2,14,423,0.875,15968,0,99% 0% 0% 3%,0.877
binarytrees,php,2,21,423,322.034,734856,0,0% 77% 23% 1%,322.307
binarytrees,java,7,7,835,0.492,1024,0,45% 15% 46% 53%,0.345
binarytrees,java,7,14,835,0.699,2208,0,66% 41% 39% 71%,0.347
binarytrees,java,7,21,835,28.275,933808,0,82% 86% 84% 88%,8.388
binarytrees,fsharpcore,3,7,531,0.108,0,0,0% 0% 100% 9%,0.109
binarytrees,fsharpcore,3,14,531,0.228,792,0,0% 4% 74% 27%,0.227
binarytrees,fsharpcore,3,21,531,24.892,819252,0,12% 16% 14% 70%,22.534
binarytrees,go,1,7,482,0.005,0,0,%,0.000
binarytrees,go,1,14,482,0.327,948,0,28% 23% 41% 33%,0.266
binarytrees,go,1,21,482,97.604,265700,0,43% 46% 46% 41%,55.803
binarytrees,mri,3,7,400,0.018,0,0,0% 0% 94% 6%,0.169
binarytrees,mri,3,14,400,3.937,12676,0,39% 6% 1% 72%,3.944
binarytrees,mri,3,21,400,1269.573,839728,0,25% 0% 0% 76%,1270.536
binarytrees,gpp,8,7,820,0.004,0,0,%,0.000
binarytrees,gpp,8,14,820,0.054,0,0,100% 0% 67% 100%,0.022
binarytrees,gpp,8,21,820,13.558,221456,0,71% 98% 55% 40%,5.191
binarytrees,jruby,5,7,1083,11.373,174304,0,50% 66% 41% 38%,8.602
binarytrees,jruby,5,14,1083,12.422,225616,0,78% 80% 73% 86%,3.952
binarytrees,jruby,5,21,1083,235.587,2333064,0,95% 94% 95% 94%,63.732
binarytrees,ghc,3,7,538,0.000,0,-11,%,0.000
binarytrees,ghc,3,14,538,0.000,0,-11,%,0.000
binarytrees,ghc,3,21,538,0.000,0,-11,%,0.000
binarytrees,jruby,1,7,376,9.714,171172,0,72% 77% 83% 68%,3.261
binarytrees,jruby,1,14,376,11.810,207172,0,79% 67% 72% 67%,4.185
binarytrees,jruby,1,21,376,175.312,2330784,0,27% 22% 61% 57%,105.586
binarytrees,racket,2,7,416,0.080,0,0,0% 0% 88% 11%,0.090
binarytrees,racket,2,14,416,0.163,0,0,0% 0% 100% 6%,0.165
binarytrees,racket,2,21,416,29.779,501312,0,0% 1% 100% 0%,29.807
binarytrees,csharpcore,1,7,600,0.092,0,0,91% 0% 0% 0%,0.094
binarytrees,csharpcore,1,14,600,0.290,764,0,11% 79% 30% 4%,0.274
binarytrees,csharpcore,1,21,600,32.768,1169000,0,30% 31% 37% 20%,28.535
binarytrees,vw,1,7,725,0.204,1164,0,0% 5% 95% 0%,0.213
binarytrees,vw,1,14,725,0.392,724,0,100% 0% 5% 3%,0.398
binarytrees,vw,1,21,725,75.928,375100,0,0% 100% 1% 0%,76.028
binarytrees,racket,3,7,473,0.078,0,0,0% 0% 100% 0%,0.079
binarytrees,racket,3,14,473,0.153,0,0,0% 0% 94% 0%,0.155
binarytrees,racket,3,21,473,28.290,493956,0,0% 0% 0% 100%,28.314
binarytrees,erlang,2,7,478,0.168,0,0,53% 38% 21% 53%,0.137
binarytrees,erlang,2,14,478,0.448,1464,0,69% 58% 67% 70%,0.245
binarytrees,erlang,2,21,478,53.728,511840,0,88% 83% 91% 86%,15.509
binarytrees,php,6,7,868,0.027,0,0,38% 9% 0% 0%,0.216
binarytrees,php,6,14,868,1.088,31204,0,92% 89% 86% 53%,0.349
binarytrees,php,6,21,868,235.574,736468,0,93% 94% 92% 98%,65.199
binarytrees,go,5,7,950,0.004,0,0,%,0.000
binarytrees,go,5,14,950,0.395,0,0,79% 85% 79% 69%,0.130
binarytrees,go,5,21,950,127.223,407804,0,99% 99% 99% 99%,32.098
binarytrees,ghc,4,7,618,0.000,0,-10,0% 0% 0% 0%,0.016
binarytrees,ghc,4,14,618,0.000,0,-10,0% 0% 0% 0%,0.016
binarytrees,ghc,4,21,618,0.000,0,-10,0% 0% 0% 0%,0.016
binarytrees,gpp,2,7,508,0.004,0,0,%,0.000
binarytrees,gpp,2,14,508,0.171,0,0,0% 6% 100% 6%,0.172
binarytrees,gpp,2,21,508,36.185,265092,0,100% 1% 1% 0%,36.208
binarytrees,truffle,1,7,376,16.166,237980,0,84% 89% 86% 83%,4.749
binarytrees,truffle,1,14,376,31.869,423000,0,86% 89% 92% 90%,8.986
binarytrees,truffle,1,21,376,723.595,1172352,0,69% 78% 77% 70%,247.340
binarytrees,erlang,1,7,420,0.164,0,0,50% 23% 38% 23%,0.130
binarytrees,erlang,1,14,420,0.428,1432,0,31% 15% 18% 79%,0.401
binarytrees,erlang,1,21,420,45.944,521296,0,100% 1% 1% 0%,45.953
binarytrees,php,4,7,770,0.023,0,0,0% 33% 67% 50%,0.025
binarytrees,php,4,14,770,0.797,35240,0,52% 58% 77% 72%,0.315
binarytrees,php,4,21,770,316.718,1552072,0,67% 89% 70% 71%,112.737
binarytrees,ghc,1,7,494,0.007,0,0,0% 0% 50% 0%,0.016
binarytrees,ghc,1,14,494,0.162,0,0,30% 82% 13% 22%,0.107
binarytrees,ghc,1,21,494,52.226,711956,0,91% 37% 36% 45%,25.127
binarytrees,chapel,1,7,484,0.030,0,0,100% 0% 0% 0%,0.022
binarytrees,chapel,1,14,484,0.248,0,0,90% 60% 67% 60%,0.095
binarytrees,chapel,1,21,484,43.738,298452,0,100% 77% 76% 58%,14.145
chameneosredux,csharpcore,1,60000,1400,0.304,0,0,19% 94% 38% 41%,0.164
chameneosredux,csharpcore,1,600000,1400,2.233,53888,0,72% 87% 66% 92%,0.720
chameneosredux,csharpcore,1,6000000,1400,23.967,65052,0,85% 98% 71% 92%,6.989
chameneosredux,python3,2,60000,908,3.570,10472,0,48% 26% 13% 48%,2.630
chameneosredux,python3,2,600000,908,32.760,10564,0,47% 25% 26% 48%,22.081
chameneosredux,python3,2,6000000,908,317.359,10688,0,40% 34% 33% 40%,209.169
chameneosredux,gpp,5,60000,1994,0.050,0,0,100% 100% 33% 0%,0.026
chameneosredux,gpp,5,600000,1994,0.463,700,0,96% 100% 25% 28%,0.243
chameneosredux,gpp,5,6000000,1994,2.712,3584,0,100% 100% 99% 99%,0.690
chameneosredux,truffle,1,60000,923,32.492,349064,0,90% 89% 89% 87%,9.170
chameneosredux,truffle,1,600000,923,65.099,594552,0,89% 93% 91% 91%,17.939
chameneosredux,truffle,1,6000000,923,129.427,491148,0,70% 71% 64% 68%,47.945
chameneosredux,ocaml,3,60000,1155,8.892,5720,0,48% 27% 25% 49%,5.725
chameneosredux,ocaml,3,600000,1155,97.993,5844,0,37% 37% 37% 37%,63.885
chameneosredux,ocaml,3,6000000,1155,955.298,5908,0,35% 39% 38% 36%,624.872
chameneosredux,java,4,60000,1615,1.296,34532,0,67% 82% 80% 59%,0.462
chameneosredux,java,4,600000,1615,2.939,33800,0,85% 93% 67% 84%,0.898
chameneosredux,java,4,6000000,1615,17.276,36052,0,97% 98% 53% 98%,5.031
chameneosredux,sbcl,3,60000,2922,0.070,0,0,25% 20% 40% 0%,0.051
chameneosredux,sbcl,3,600000,2922,0.484,0,0,92% 93% 79% 86%,0.140
chameneosredux,sbcl,3,6000000,2922,4.044,19216,0,91% 98% 98% 91%,1.076
chameneosredux,rust,1,60000,1455,3.135,2116,0,54% 58% 37% 37%,1.702
chameneosredux,rust,1,600000,1455,25.724,2004,0,48% 46% 61% 59%,12.275
chameneosredux,rust,1,6000000,1455,261.121,2000,0,60% 57% 52% 51%,121.844
chameneosredux,yarv,1,60000,923,2.194,9156,0,35% 27% 39% 38%,1.512
chameneosredux,yarv,1,600000,923,22.727,9088,0,40% 42% 27% 32%,15.434
chameneosredux,yarv,1,6000000,923,226.811,9172,0,37% 37% 32% 32%,156.502
chameneosredux,racket,2,60000,855,2.738,85832,0,100% 1% 1% 0%,2.739
chameneosredux,racket,2,600000,855,24.848,107148,0,45% 0% 1% 56%,24.853
chameneosredux,racket,2,6000000,855,249.907,107480,0,84% 1% 1% 17%,249.939
chameneosredux,java,2,60000,1429,0.956,976,0,83% 42% 46% 63%,0.409
chameneosredux,java,2,600000,1429,3.157,57332,0,85% 82% 54% 61%,1.128
chameneosredux,java,2,6000000,1429,24.065,75412,0,96% 61% 86% 65%,7.834
chameneosredux,gnat,5,60000,2921,0.411,0,0,81% 38% 33% 76%,0.173
chameneosredux,gnat,5,600000,2921,4.624,4460,0,72% 83% 84% 43%,1.692
chameneosredux,gnat,5,6000000,2921,32.294,4524,0,85% 51% 36% 82%,12.647
chameneosredux,perl,4,60000,789,5.823,12136,0,36% 24% 33% 37%,4.539
chameneosredux,perl,4,600000,789,58.250,12172,0,37% 26% 34% 36%,42.759
chameneosredux,perl,4,6000000,789,566.520,12192,0,31% 34% 34% 33%,419.390
chameneosredux,go,5,60000,957,0.322,0,0,67% 73% 70% 64%,0.116
chameneosredux,go,5,600000,957,3.276,1532,0,73% 74% 74% 74%,1.125
chameneosredux,go,5,6000000,957,31.812,1532,0,72% 75% 74% 72%,10.943
chameneosredux,chapel,2,60000,1210,0.120,0,0,100% 80% 50% 50%,0.047
chameneosredux,chapel,2,600000,1210,0.759,2120,0,96% 87% 61% 91%,0.231
chameneosredux,chapel,2,6000000,1210,6.472,4000,0,99% 99% 58% 98%,1.832
chameneosredux,go,1,60000,1167,0.211,0,0,86% 88% 67% 17%,0.078
chameneosredux,go,1,600000,1167,2.663,1532,0,99% 99% 100% 53%,0.769
chameneosredux,go,1,6000000,1167,21.330,1536,0,99% 91% 67% 99%,6.000
chameneosredux,mri,1,60000,923,0.000,0,-2,%,0.000
chameneosredux,mri,1,600000,923,0.000,0,-2,%,0.000
chameneosredux,mri,1,6000000,923,0.000,0,-2,%,0.000
chameneosredux,racket,1,60000,805,4.979,99884,0,0% 1% 100% 2%,4.982
chameneosredux,racket,1,600000,805,47.249,107680,0,100% 1% 1% 0%,47.255
chameneosredux,racket,1,6000000,805,467.264,114068,0,0% 24% 77% 0%,467.325
chameneosredux,gpp,1,60000,2454,0.168,0,0,60% 80% 80% 100%,0.052
chameneosredux,gpp,1,600000,2454,1.858,3772,0,94% 96% 90% 88%,0.512
chameneosredux,gpp,1,6000000,2454,18.348,4072,0,97% 97% 94% 93%,4.837
chameneosredux,java,3,60000,1267,2.238,42356,0,78% 81% 78% 68%,0.737
chameneosredux,java,3,600000,1267,4.945,67192,0,68% 87% 85% 89%,1.507
chameneosredux,java,3,6000000,1267,27.164,79848,0,96% 87% 82% 74%,8.028
chameneosredux,erlang,1,60000,734,1.712,23356,0,71% 72% 48% 18%,0.849
chameneosredux,erlang,1,600000,734,14.720,22296,0,61% 80% 29% 49%,6.820
chameneosredux,erlang,1,6000000,734,131.188,28668,0,62% 60% 51% 53%,58.902
chameneosredux,go,2,60000,1408,0.285,0,0,100% 89% 89% 56%,0.084
chameneosredux,go,2,600000,1408,2.715,1532,0,93% 99% 67% 100%,0.764
chameneosredux,go,2,6000000,1408,27.606,1540,0,99% 67% 99% 99%,7.622
chameneosredux,gcc,5,60000,2868,0.031,0,0,%,0.000
chameneosredux,gcc,5,600000,2868,0.269,0,0,100% 100% 100% 88%,0.074
chameneosredux,gcc,5,6000000,2868,2.384,980,0,100% 97% 98% 100%,0.606
chameneosredux,jruby,1,60000,934,14.113,278032,0,69% 78% 84% 73%,4.692
chameneosredux,jruby,1,600000,934,23.441,525928,0,68% 72% 74% 74%,8.255
chameneosredux,jruby,1,6000000,934,96.385,771536,0,58% 59% 68% 69%,38.375
chameneosredux,hipe,1,60000,734,1.641,20976,0,70% 48% 18% 83%,0.782
chameneosredux,hipe,1,600000,734,14.449,22036,0,56% 59% 60% 57%,6.335
chameneosredux,hipe,1,6000000,734,143.410,23332,0,62% 62% 55% 54%,62.300
chameneosredux,java,1,60000,1770,0.942,35600,0,50% 44% 66% 71%,0.417
chameneosredux,java,1,600000,1770,1.624,48036,0,44% 59% 29% 61%,0.844
chameneosredux,java,1,6000000,1770,12.304,58808,0,40% 32% 38% 42%,7.982
chameneosredux,ghc,4,60000,997,0.125,0,0,75% 78% 13% 0%,0.076
chameneosredux,ghc,4,600000,997,1.252,6004,0,97% 97% 6% 2%,0.636
chameneosredux,ghc,4,6000000,997,12.067,6100,0,97% 100% 3% 0%,6.106
chameneosredux,vw,2,60000,2552,0.648,54024,0,99% 0% 1% 29%,0.809
chameneosredux,vw,2,600000,2552,4.652,56844,0,0% 100% 1% 0%,4.659
chameneosredux,vw,2,6000000,2552,44.520,56572,0,1% 0% 100% 0%,44.568
chameneosredux,chapel,1,60000,1199,0.208,0,0,86% 67% 67% 83%,0.066
chameneosredux,chapel,1,600000,1199,2.123,4004,0,98% 96% 95% 96%,0.555
chameneosredux,chapel,1,6000000,1199,16.540,3916,0,100% 99% 100% 100%,4.174
chameneosredux,ocaml,1,60000,1293,2.648,5092,0,63% 16% 13% 63%,1.665
chameneosredux,ocaml,1,600000,1293,28.622,5092,0,47% 32% 31% 47%,17.444
chameneosredux,ocaml,1,6000000,1293,279.535,5192,0,41% 39% 37% 42%,169.424
chameneosredux,rust,2,60000,2890,0.013,0,0,50% 0% 100% 0%,0.011
chameneosredux,rust,2,600000,2890,0.659,0,0,94% 89% 89% 100%,0.182
chameneosredux,rust,2,6000000,2890,6.989,2148,0,98% 97% 98% 98%,1.804
chameneosredux,gcc,2,60000,1667,0.360,0,0,50% 92% 83% 90%,0.120
chameneosredux,gcc,2,600000,1667,2.353,1032,0,38% 70% 66% 95%,0.904
chameneosredux,gcc,2,6000000,1667,21.226,1076,0,69% 35% 88% 71%,8.243
chameneosredux,gpp,2,60000,2020,0.133,0,0,100% 83% 67% 100%,0.041
chameneosredux,gpp,2,600000,2020,1.255,720,0,97% 53% 100% 100%,0.366
chameneosredux,gpp,2,6000000,2020,12.914,2048,0,100% 100% 100% 55%,3.665
chameneosredux,gnat,2,60000,6027,0.000,0,-11,%,0.000
chameneosredux,gnat,2,600000,6027,0.000,0,-11,%,0.000
chameneosredux,gnat,2,6000000,6027,0.000,0,-11,%,0.000
chameneosredux,ghc,1,60000,998,0.080,0,0,67% 80% 14% 0%,0.057
chameneosredux,ghc,1,600000,998,0.936,6216,0,79% 98% 4% 8%,0.526
chameneosredux,ghc,1,6000000,998,8.931,6216,0,79% 100% 2% 1%,4.987
fannkuchredux,csharpcore,2,10,564,0.397,792,0,90% 5% 3% 2%,0.398
fannkuchredux,csharpcore,2,11,564,3.874,31196,0,100% 1% 1% 0%,3.876
fannkuchredux,csharpcore,2,12,564,52.761,31172,0,100% 0% 1% 0%,52.772
fannkuchredux,go,1,10,900,0.350,0,0,80% 80% 90% 82%,0.109
fannkuchredux,go,1,11,900,4.257,1532,0,98% 98% 98% 99%,1.085
fannkuchredux,go,1,12,900,58.647,1540,0,100% 100% 99% 100%,14.721
fannkuchredux,node,1,10,471,0.669,31560,0,100% 0% 1% 2%,0.671
fannkuchredux,node,1,11,471,7.313,31484,0,0% 1% 1% 100%,7.316
fannkuchredux,node,1,12,471,100.400,31520,0,0% 31% 72% 1%,100.427
fannkuchredux,gcc,3,10,567,0.270,900,0,27% 96% 12% 25%,0.272
fannkuchredux,gcc,3,11,567,3.428,852,0,10% 100% 4% 11%,3.431
fannkuchredux,gcc,3,12,567,47.869,896,0,0% 0% 1% 100%,47.879
fannkuchredux,fsharpcore,3,10,945,0.766,788,0,39% 38% 39% 95%,0.372
fannkuchredux,fsharpcore,3,11,945,6.680,36468,0,87% 96% 90% 86%,1.869
fannkuchredux,fsharpcore,3,12,945,87.195,37096,0,94% 86% 83% 99%,24.164
fannkuchredux,node,4,10,473,0.567,31520,0,98% 0% 0% 2%,0.568
fannkuchredux,node,4,11,473,5.949,31168,0,0% 1% 100% 0%,5.952
fannkuchredux,node,4,12,473,80.659,31488,0,0% 57% 43% 0%,80.679
fannkuchredux,erlang,1,10,1038,4.204,22164,0,89% 90% 95% 90%,1.169
fannkuchredux,erlang,1,11,1038,50.528,24820,0,99% 98% 97% 97%,12.964
fannkuchredux,erlang,1,12,1038,684.392,35840,0,99% 100% 96% 98%,174.585
fannkuchredux,fsharpcore,1,10,551,1.589,58708,0,37% 2% 19% 51%,1.486
fannkuchredux,fsharpcore,1,11,551,16.974,62608,0,27% 20% 31% 27%,16.349
fannkuchredux,fsharpcore,1,12,551,227.038,62512,0,24% 30% 27% 24%,218.865
fannkuchredux,ifc,3,10,1158,0.313,0,0,67% 67% 73% 90%,0.107
fannkuchredux,ifc,3,11,1158,3.744,3456,0,97% 97% 97% 100%,0.962
fannkuchredux,ifc,3,12,1158,51.604,10848,0,100% 100% 100% 100%,12.932
fannkuchredux,racket,3,10,1101,1.993,23380,0,83% 85% 72% 87%,0.612
fannkuchredux,racket,3,11,1101,23.788,23416,0,99% 96% 67% 99%,6.601
fannkuchredux,racket,3,12,1101,337.433,23348,0,90% 90% 90% 100%,91.114
fannkuchredux,java,1,10,1282,1.082,1008,0,74% 51% 56% 85%,0.415
fannkuchredux,java,1,11,1282,6.075,31444,0,88% 90% 95% 91%,1.680
fannkuchredux,java,1,12,1282,72.057,31820,0,99% 99% 98% 98%,18.271
fannkuchredux,jruby,2,10,1432,31.220,771884,0,87% 88% 91% 87%,8.851
fannkuchredux,jruby,2,11,1432,131.084,797272,0,94% 96% 94% 96%,34.551
fannkuchredux,jruby,2,12,1432,2060.188,782020,0,96% 98% 100% 91%,536.233
fannkuchredux,hack,3,10,1160,6.655,86820,0,94% 77% 79% 82%,2.014
fannkuchredux,hack,3,11,1160,67.345,86588,0,98% 98% 97% 97%,17.289
fannkuchredux,hack,3,12,1160,894.821,86800,0,100% 99% 99% 99%,226.712
fannkuchredux,python3,4,10,950,13.922,15356,0,89% 91% 98% 84%,3.849
fannkuchredux,python3,4,11,950,161.026,15632,0,91% 99% 94% 94%,42.501
fannkuchredux,python3,4,12,950,2172.633,15528,0,95% 94% 95% 100%,565.965
fannkuchredux,csharpcore,3,10,1096,0.578,756,0,70% 55% 55% 83%,0.225
fannkuchredux,csharpcore,3,11,1096,5.936,31704,0,96% 94% 96% 92%,1.585
fannkuchredux,csharpcore,3,12,1096,78.997,32884,0,98% 100% 100% 98%,20.053
fannkuchredux,gnat,3,10,2113,0.261,0,0,78% 80% 75% 67%,0.090
fannkuchredux,gnat,3,11,2113,3.033,4252,0,96% 98% 94% 93%,0.802
fannkuchredux,gnat,3,12,2113,40.767,4504,0,100% 100% 99% 100%,10.234
fannkuchredux,rust,3,10,1020,0.000,0,-11,%,0.000
fannkuchredux,rust,3,11,1020,0.000,0,-11,%,0.000
fannkuchredux,rust,3,12,1020,0.000,0,-11,%,0.000
fannkuchredux,gcc,4,10,1183,0.152,0,0,100% 12% 13% 38%,0.154
fannkuchredux,gcc,4,11,1183,1.797,796,0,100% 15% 11% 2%,1.799
fannkuchredux,gcc,4,12,1183,22.652,852,0,0% 100% 1% 0%,22.658
fannkuchredux,truffle,2,10,1454,51.872,439020,0,91% 92% 90% 93%,14.204
fannkuchredux,truffle,2,11,1454,64.684,468088,0,93% 89% 93% 87%,17.918
fannkuchredux,truffle,2,12,1454,193.515,457624,0,94% 93% 96% 96%,51.017
fannkuchredux,fsharpcore,4,10,612,0.482,34376,0,98% 0% 2% 4%,0.483
fannkuchredux,fsharpcore,4,11,612,4.970,34528,0,1% 0% 0% 99%,4.973
fannkuchredux,fsharpcore,4,12,612,68.859,34816,0,100% 0% 1% 0%,68.872
fannkuchredux,mri,1,10,384,102.268,4584,0,100% 1% 0% 0%,102.363
fannkuchredux,mri,1,11,384,1360.975,4684,0,28% 1% 73% 0%,1361.408
fannkuchredux,mri,1,12,384,19883.198,4716,0,6% 68% 17% 11%,19888.782
fannkuchredux,mri,2,10,1432,0.000,0,-2,%,0.000
fannkuchredux,mri,2,11,1432,0.000,0,-2,%,0.000
fannkuchredux,mri,2,12,1432,0.000,0,-2,%,0.000
fannkuchredux,csharpcore,4,10,1172,0.550,784,0,100% 52% 50% 59%,0.217
fannkuchredux,csharpcore,4,11,1172,5.642,32200,0,93% 93% 93% 97%,1.528
fannkuchredux,csharpcore,4,12,1172,74.982,33008,0,99% 99% 99% 100%,18.947
fannkuchredux,ghc,6,10,1113,0.378,0,0,91% 80% 91% 75%,0.116
fannkuchredux,ghc,6,11,1113,4.748,3236,0,97% 99% 99% 98%,1.226
fannkuchredux,ghc,6,12,1113,60.919,3280,0,99% 98% 100% 100%,15.406
fannkuchredux,sbcl,2,10,517,0.597,18320,0,2% 0% 0% 100%,0.599
fannkuchredux,sbcl,2,11,517,7.220,18320,0,0% 100% 1% 0%,7.222
fannkuchredux,sbcl,2,12,517,95.922,18320,0,0% 77% 23% 0%,95.941
fannkuchredux,gpp,5,10,980,0.277,0,0,100% 88% 100% 88%,0.074
fannkuchredux,gpp,5,11,980,3.211,2008,0,95% 95% 93% 100%,0.846
fannkuchredux,gpp,5,12,980,41.896,2044,0,100% 96% 100% 100%,10.610
fannkuchredux,sbcl,4,10,1527,0.397,0,0,53% 57% 93% 62%,0.147
fannkuchredux,sbcl,4,11,1527,4.391,31208,0,94% 86% 93% 97%,1.191
fannkuchredux,sbcl,4,12,1527,60.607,32332,0,97% 92% 98% 99%,15.687
fannkuchredux,gpp,7,10,1150,0.174,0,0,16% 6% 100% 67%,0.175
fannkuchredux,gpp,7,11,1150,2.001,780,0,2% 0% 4% 100%,2.004
fannkuchredux,gpp,7,12,1150,25.354,852,0,0% 1% 0% 100%,25.360
fannkuchredux,gpp,3,10,593,0.422,892,0,0% 2% 5% 100%,0.424
fannkuchredux,gpp,3,11,593,5.084,812,0,0% 0% 2% 100%,5.086
fannkuchredux,gpp,3,12,593,68.228,900,0,0% 0% 0% 100%,68.241
fannkuchredux,java,3,10,1257,0.799,31596,0,25% 9% 11% 82%,0.648
fannkuchredux,java,3,11,1257,5.536,31448,0,3% 3% 2% 96%,5.354
fannkuchredux,java,3,12,1257,70.822,31804,0,1% 1% 1% 100%,70.629
fannkuchredux,php,1,10,482,7.853,9072,0,0% 1% 100% 1%,7.906
fannkuchredux,php,1,11,482,98.052,9144,0,13% 0% 0% 87%,98.072
fannkuchredux,php,1,12,482,1401.863,9360,0,1% 0% 0% 100%,1402.134
fannkuchredux,truffle,1,10,384,28.977,337540,0,92% 77% 78% 83%,8.830
fannkuchredux,truffle,1,11,384,37.510,395872,0,41% 48% 87% 43%,17.165
fannkuchredux,truffle,1,12,384,155.006,343644,0,6% 11% 7% 93%,134.269
fannkuchredux,csharpcore,1,10,520,0.540,30964,0,0% 2% 100% 0%,0.541
fannkuchredux,csharpcore,1,11,520,5.779,31356,0,0% 1% 0% 100%,5.781
fannkuchredux,csharpcore,1,12,520,79.433,31700,0,100% 0% 1% 0%,79.447
fannkuchredux,php,3,10,1160,5.181,34652,0,97% 94% 93% 94%,1.392
fannkuchredux,php,3,11,1160,64.968,34680,0,99% 100% 99% 100%,16.316
fannkuchredux,php,3,12,1160,929.489,34748,0,100% 99% 100% 99%,233.570
fannkuchredux,java,2,10,514,0.803,31716,0,6% 19% 93% 6%,0.662
fannkuchredux,java,2,11,514,6.646,31992,0,2% 100% 1% 1%,6.502
fannkuchredux,java,2,12,514,76.665,32176,0,25% 0% 0% 75%,76.525
fannkuchredux,perl,3,10,427,11.393,3840,0,0% 100% 1% 1%,11.396
fannkuchredux,perl,3,11,427,134.036,3748,0,0% 100% 2% 1%,134.063
fannkuchredux,perl,3,12,427,1788.099,3756,0,13% 41% 1% 46%,1788.455
fannkuchredux,racket,2,10,908,1.831,23192,0,1% 100% 1% 1%,1.833
fannkuchredux,racket,2,11,908,21.957,23300,0,0% 27% 75% 0%,21.958
fannkuchredux,racket,2,12,908,292.865,23304,0,0% 1% 1% 100%,292.791
fannkuchredux,ocaml,3,10,1017,0.008,0,0,92% 100% 93% 92%,0.124
fannkuchredux,ocaml,3,11,1017,0.008,30516,0,99% 100% 99% 100%,1.218
fannkuchredux,ocaml,3,12,1017,0.008,30620,0,100% 100% 100% 100%,16.123
fannkuchredux,csharpcore,5,10,1049,0.437,0,0,42% 68% 74% 45%,0.193
fannkuchredux,csharpcore,5,11,1049,4.089,32076,0,88% 91% 95% 88%,1.131
fannkuchredux,csharpcore,5,12,1049,55.766,32724,0,97% 92% 98% 99%,14.444
fannkuchredux,fpascal,1,10,1050,0.417,0,0,91% 90% 92% 91%,0.114
fannkuchredux,fpascal,1,11,1050,5.200,1960,0,98% 99% 96% 96%,1.346
fannkuchredux,fpascal,1,12,1050,71.353,1984,0,100% 100% 100% 100%,17.899
fannkuchredux,chapel,1,10,728,0.301,0,0,89% 89% 88% 67%,0.093
fannkuchredux,chapel,1,11,728,3.326,3856,0,99% 97% 98% 99%,0.858
fannkuchredux,chapel,1,12,728,44.584,4000,0,100% 99% 100% 100%,11.216
fannkuchredux,gpp,1,10,1059,0.333,0,0,100% 89% 100% 90%,0.090
fannkuchredux,gpp,1,11,1059,4.134,1932,0,92% 92% 98% 86%,1.155
fannkuchredux,gpp,1,12,1059,55.837,2020,0,99% 95% 99% 100%,14.246
fannkuchredux,sbcl,3,10,826,0.463,29600,0,0% 2% 98% 2%,0.464
fannkuchredux,sbcl,3,11,826,5.116,30872,0,0% 1% 1% 100%,5.118
fannkuchredux,sbcl,3,12,826,69.238,31944,0,100% 1% 0% 0%,69.251
fannkuchredux,go,2,10,896,0.380,0,0,63% 67% 62% 64%,0.147
fannkuchredux,go,2,11,896,4.289,4216,0,98% 99% 98% 97%,1.095
fannkuchredux,go,2,12,896,59.533,10788,0,100% 100% 100% 100%,14.938
fannkuchredux,php,2,10,441,4.909,9240,0,8% 100% 4% 3%,5.434
fannkuchredux,php,2,11,441,66.070,9036,0,0% 0% 1% 100%,66.085
fannkuchredux,php,2,12,441,907.745,8892,0,0% 92% 9% 0%,907.922
fannkuchredux,gcc,5,10,910,0.232,0,0,60% 90% 90% 60%,0.098
fannkuchredux,gcc,5,11,910,2.657,972,0,69% 68% 97% 65%,1.033
fannkuchredux,gcc,5,12,910,34.221,980,0,100% 97% 100% 100%,8.659
fannkuchredux,gpp,2,10,1440,0.295,0,0,78% 80% 89% 78%,0.088
fannkuchredux,gpp,2,11,1440,3.683,2056,0,94% 97% 100% 97%,0.960
fannkuchredux,gpp,2,12,1440,50.959,2252,0,100% 100% 99% 94%,13.017
fannkuchredux,python3,6,10,385,13.785,10080,0,0% 100% 1% 0%,13.790
fannkuchredux,python3,6,11,385,168.118,9920,0,74% 27% 1% 1%,168.163
fannkuchredux,python3,6,12,385,2402.521,10008,0,0% 54% 47% 1%,2403.110
fannkuchredux,ocaml,1,10,524,0.626,1544,0,0% 3% 100% 0%,0.627
fannkuchredux,ocaml,1,11,524,7.582,1864,0,6% 0% 1% 95%,7.585
fannkuchredux,ocaml,1,12,524,99.924,1836,0,0% 99% 2% 0%,99.942
fannkuchredux,hipe,1,10,1038,2.450,21084,0,78% 94% 86% 87%,0.720
fannkuchredux,hipe,1,11,1038,28.728,21268,0,97% 99% 98% 99%,7.359
fannkuchredux,hipe,1,12,1038,398.396,20880,0,97% 94% 100% 99%,103.248
fannkuchredux,fsharpcore,2,10,548,0.663,34708,0,0% 99% 5% 0%,0.665
fannkuchredux,fsharpcore,2,11,548,6.380,35180,0,100% 0% 0% 0%,6.382
fannkuchredux,fsharpcore,2,12,548,85.457,35400,0,0% 24% 77% 0%,85.477
fannkuchredux,ghc,4,10,665,0.493,1448,0,11% 14% 97% 14%,0.375
fannkuchredux,ghc,4,11,665,16.805,4108,0,93% 100% 93% 91%,4.465
fannkuchredux,ghc,4,12,665,239.537,3932,0,99% 100% 100% 99%,60.185
fannkuchredux,gcc,2,10,1557,0.382,0,0,100% 64% 67% 87%,0.153
fannkuchredux,gcc,2,11,1557,4.536,992,0,72% 99% 77% 77%,1.513
fannkuchredux,gcc,2,12,1557,60.645,948,0,96% 99% 97% 100%,15.501
fannkuchredux,ghc,3,10,1159,0.000,0,-11,%,0.000
fannkuchredux,ghc,3,11,1159,0.000,0,-11,%,0.000
fannkuchredux,ghc,3,12,1159,0.000,0,-11,%,0.000
fannkuchredux,swift,3,10,1102,0.253,0,0,86% 100% 83% 100%,0.072
fannkuchredux,swift,3,11,1102,2.987,7792,0,99% 100% 96% 99%,0.764
fannkuchredux,swift,3,12,1102,40.207,7996,0,99% 100% 100% 100%,10.109
fannkuchredux,vw,1,10,927,4.336,54612,0,0% 0% 1% 100%,4.341
fannkuchredux,vw,1,11,927,50.752,55544,0,66% 4% 4% 42%,50.785
fannkuchredux,vw,1,12,927,694.064,53736,0,1% 100% 1% 1%,694.426
fannkuchredux,fsharpcore,7,10,953,0.557,784,0,38% 41% 89% 37%,0.283
fannkuchredux,fsharpcore,7,11,953,4.969,36492,0,92% 87% 89% 89%,1.406
fannkuchredux,fsharpcore,7,12,953,64.800,36904,0,100% 98% 97% 95%,16.647
fannkuchredux,dart,2,10,495,0.664,44040,0,13% 10% 83% 3%,0.635
fannkuchredux,dart,2,11,495,6.402,43928,0,1% 2% 99% 3%,6.350
fannkuchredux,dart,2,12,495,91.766,44168,0,45% 48% 8% 0%,91.291
fannkuchredux,jruby,1,10,384,17.915,482880,0,86% 33% 37% 47%,8.873
fannkuchredux,jruby,1,11,384,70.466,775948,0,65% 42% 8% 6%,59.299
fannkuchredux,jruby,1,12,384,838.960,799468,0,25% 51% 13% 14%,825.187
fannkuchredux,hack,2,10,440,5.025,86232,0,0% 4% 100% 0%,5.042
fannkuchredux,hack,2,11,440,60.309,86264,0,100% 1% 1% 0%,60.340
fannkuchredux,hack,2,12,440,891.474,86260,0,3% 87% 1% 11%,891.673
fannkuchredux,sbcl,5,10,681,0.383,8,0,3% 0% 0% 100%,0.385
fannkuchredux,sbcl,5,11,681,3.868,41984,0,0% 1% 1% 100%,3.870
fannkuchredux,sbcl,5,12,681,52.711,44336,0,0% 84% 17% 0%,52.723
fannkuchredux,yarv,1,10,384,10.446,8676,0,12% 89% 0% 0%,10.457
fannkuchredux,yarv,1,11,384,137.628,8684,0,0% 1% 0% 100%,137.666
fannkuchredux,yarv,1,12,384,1978.585,8828,0,1% 64% 36% 0%,1979.046
fannkuchredux,ghc,5,10,842,0.000,0,-11,%,0.000
fannkuchredux,ghc,5,11,842,0.000,0,-11,%,0.000
fannkuchredux,ghc,5,12,842,0.000,0,-11,%,0.000
fannkuchredux,csharpcore,6,10,1068,0.444,0,0,47% 74% 53% 60%,0.192
fannkuchredux,csharpcore,6,11,1068,4.301,32664,0,96% 95% 91% 91%,1.154
fannkuchredux,csharpcore,6,12,1068,57.810,32708,0,100% 100% 99% 99%,14.532
fannkuchredux,gpp,4,10,1439,0.293,0,0,89% 89% 78% 75%,0.087
fannkuchredux,gpp,4,11,1439,3.674,2132,0,99% 96% 91% 96%,0.969
fannkuchredux,gpp,4,12,1439,50.853,2176,0,99% 100% 100% 94%,12.985
fannkuchredux,fsharpcore,8,10,949,0.584,796,0,41% 85% 39% 38%,0.315
fannkuchredux,fsharpcore,8,11,949,5.122,36136,0,90% 90% 85% 96%,1.436
fannkuchredux,fsharpcore,8,12,949,65.091,36616,0,99% 95% 98% 99%,16.706
fannkuchredux,ghc,2,10,808,0.000,0,-11,%,0.000
fannkuchredux,ghc,2,11,808,0.000,0,-11,%,0.000
fannkuchredux,ghc,2,12,808,0.000,0,-11,%,0.000
fannkuchredux,ocaml,4,10,1004,0.008,0,0,91% 100% 91% 100%,0.109
fannkuchredux,ocaml,4,11,1004,0.008,18960,0,100% 99% 99% 99%,1.242
fannkuchredux,ocaml,4,12,1004,0.008,19304,0,100% 100% 100% 100%,16.530
fannkuchredux,hack,1,10,532,12.816,86036,0,0% 1% 100% 0%,12.835
fannkuchredux,hack,1,11,532,164.761,86224,0,0% 4% 97% 1%,164.817
fannkuchredux,hack,1,12,532,2347.891,86416,0,8% 30% 1% 63%,2348.381
fannkuchredux,ghc,1,10,559,4.280,5980,0,19% 2% 99% 19%,3.086
fannkuchredux,ghc,1,11,559,41.633,5924,0,61% 16% 38% 9%,34.146
fannkuchredux,ghc,1,12,559,639.124,6180,0,28% 37% 22% 44%,492.576
fannkuchredux,rust,2,10,1191,0.289,0,0,89% 80% 78% 80%,0.088
fannkuchredux,rust,2,11,1191,3.444,1652,0,99% 100% 94% 98%,0.891
fannkuchredux,rust,2,12,1191,47.315,1832,0,99% 100% 95% 99%,12.069
fannkuchredux,typescript,1,10,445,0.966,30688,0,1% 1% 2% 100%,0.967
fannkuchredux,typescript,1,11,445,10.565,30972,0,0% 100% 1% 0%,10.568
fannkuchredux,typescript,1,12,445,140.394,30980,0,5% 1% 0% 95%,140.422
fannkuchredux,racket,1,10,649,1.925,23376,0,0% 100% 2% 0%,1.927
fannkuchredux,racket,1,11,649,22.197,23348,0,1% 0% 100% 0%,22.198
fannkuchredux,racket,1,12,649,304.302,23284,0,0% 39% 62% 0%,304.288
fannkuchredux,ocaml,2,10,473,0.524,1588,0,100% 0% 0% 2%,0.526
fannkuchredux,ocaml,2,11,473,6.384,1668,0,0% 100% 1% 0%,6.387
fannkuchredux,ocaml,2,12,473,85.473,1856,0,0% 1% 0% 100%,85.488
fannkuchredux,gcc,1,10,508,0.422,688,0,100% 0% 0% 5%,0.423
fannkuchredux,gcc,1,11,508,5.304,796,0,0% 6% 5% 100%,5.306
fannkuchredux,gcc,1,12,508,72.300,812,0,100% 0% 1% 0%,72.314
fannkuchredux,yarv,2,10,1432,14.722,33048,0,80% 99% 95% 97%,3.997
fannkuchredux,yarv,2,11,1432,178.425,33252,0,100% 98% 99% 88%,46.343
fannkuchredux,yarv,2,12,1432,2526.313,33224,0,99% 99% 94% 98%,650.834
fannkuchredux,fsharpcore,5,10,912,0.688,752,0,53% 35% 74% 38%,0.348
fannkuchredux,fsharpcore,5,11,912,5.827,36564,0,85% 91% 96% 85%,1.640
fannkuchredux,fsharpcore,5,12,912,76.229,36856,0,99% 100% 99% 99%,19.355
fannkuchredux,fsharpcore,6,10,1025,0.548,800,0,86% 44% 37% 43%,0.280
fannkuchredux,fsharpcore,6,11,1025,5.348,35224,0,95% 90% 90% 95%,1.459
fannkuchredux,fsharpcore,6,12,1025,71.318,35916,0,99% 98% 95% 98%,18.290
fannkuchredux,swift,1,10,451,0.359,1388,0,3% 5% 3% 100%,0.361
fannkuchredux,swift,1,11,451,4.381,4424,0,1% 100% 1% 2%,4.384
fannkuchredux,swift,1,12,451,58.750,4568,0,82% 19% 0% 0%,58.764
fannkuchredux,ifc,1,10,599,0.416,1412,0,0% 100% 0% 2%,0.418
fannkuchredux,ifc,1,11,599,5.180,1408,0,1% 100% 2% 1%,5.183
fannkuchredux,ifc,1,12,599,69.413,1412,0,0% 1% 100% 0%,69.430
fannkuchredux,perl,1,10,457,14.811,3852,0,0% 9% 92% 0%,14.823
fannkuchredux,perl,1,11,457,179.407,3736,0,0% 62% 39% 0%,179.446
fannkuchredux,perl,1,12,457,2378.727,3796,0,8% 1% 0% 92%,2379.217
fannkuchredux,perl,2,10,570,14.004,10068,0,98% 99% 99% 97%,3.579
fannkuchredux,perl,2,11,570,166.247,10668,0,100% 99% 99% 100%,41.781
fannkuchredux,perl,2,12,570,2198.553,11260,0,96% 99% 95% 97%,570.206
fannkuchredux,lua,1,10,462,7.657,1484,0,0% 59% 42% 0%,7.715
fannkuchredux,lua,1,11,462,94.444,1428,0,0% 100% 1% 0%,94.463
fannkuchredux,lua,1,12,462,1383.687,1460,0,0% 100% 1% 0%,1383.932
fannkuchredux,typescript,2,10,454,0.915,31148,0,0% 99% 2% 0%,0.916
fannkuchredux,typescript,2,11,454,9.974,30872,0,0% 1% 100% 0%,9.977
fannkuchredux,typescript,2,12,454,132.183,31144,0,0% 1% 0% 100%,132.209
fasta,swift,1,250000,1527,0.132,0,0,0% 0% 100% 7%,0.133
fasta,swift,1,2500000,1527,1.235,7268,0,2% 99% 0% 1%,1.237
fasta,swift,1,25000000,1527,11.978,7592,0,0% 1% 0% 100%,11.982
fasta,php,2,250000,1050,1.236,9240,0,2% 0% 0% 99%,1.257
fasta,php,2,2500000,1050,11.343,9188,0,0% 100% 1% 1%,11.347
fasta,php,2,25000000,1050,98.902,9332,0,23% 0% 1% 77%,98.924
fasta,truffle,5,250000,995,51.176,499592,0,91% 90% 91% 91%,14.091
fasta,truffle,5,2500000,995,64.217,510208,0,66% 72% 79% 71%,22.243
fasta,truffle,5,25000000,995,142.961,529692,0,55% 38% 28% 27%,97.253
fasta,java,2,250000,1257,0.555,2096,0,82% 29% 35% 22%,0.335
fasta,java,2,2500000,1257,1.438,36876,0,95% 7% 6% 20%,1.169
fasta,java,2,25000000,1257,8.062,36844,0,11% 91% 2% 1%,7.815
fasta,truffle,3,250000,1002,45.243,450212,0,89% 87% 92% 92%,12.631
fasta,truffle,3,2500000,1002,61.238,515636,0,78% 76% 68% 68%,21.203
fasta,truffle,3,25000000,1002,113.008,515776,0,40% 46% 31% 31%,77.104
fasta,ghc,1,250000,969,0.134,0,0,15% 0% 92% 8%,0.126
fasta,ghc,1,2500000,969,1.096,4984,0,99% 4% 2% 3%,1.036
fasta,ghc,1,25000000,969,10.088,5164,0,100% 2% 2% 3%,9.555
fasta,rust,2,250000,1906,0.000,0,-11,%,0.000
fasta,rust,2,2500000,1906,0.000,0,-11,%,0.000
fasta,rust,2,25000000,1906,0.000,0,-11,%,0.000
fasta,node,1,250000,809,1.289,52404,0,5% 4% 99% 5%,1.154
fasta,node,1,2500000,809,9.448,122984,0,45% 25% 15% 25%,8.792
fasta,node,1,25000000,809,75.863,716508,0,17% 33% 41% 21%,68.310
fasta,php,3,250000,1062,0.615,9316,0,11% 98% 2% 2%,0.617
fasta,php,3,2500000,1062,6.230,9192,0,0% 44% 57% 1%,6.233
fasta,php,3,25000000,1062,59.105,9412,0,40% 0% 1% 60%,59.118
fasta,fsharpcore,2,250000,1308,0.381,744,0,63% 38% 29% 13%,0.308
fasta,fsharpcore,2,2500000,1308,1.961,86184,0,43% 50% 24% 74%,1.048
fasta,fsharpcore,2,25000000,1308,17.030,313120,0,52% 47% 56% 45%,8.594
fasta,fsharpcore,1,250000,1002,0.217,788,0,0% 82% 23% 9%,0.219
fasta,fsharpcore,1,2500000,1002,1.062,35240,0,0% 22% 81% 0%,1.064
fasta,fsharpcore,1,25000000,1002,8.812,35732,0,0% 1% 100% 0%,8.816
fasta,sbcl,2,250000,1622,0.226,8,0,100% 4% 4% 4%,0.228
fasta,sbcl,2,2500000,1622,2.175,22624,0,0% 100% 1% 1%,2.178
fasta,sbcl,2,25000000,1622,18.706,22624,0,0% 1% 0% 100%,18.712
fasta,node,3,250000,1128,0.267,940,0,4% 4% 96% 0%,0.265
fasta,node,3,2500000,1128,1.252,34844,0,0% 1% 100% 1%,1.250
fasta,node,3,25000000,1128,10.585,34732,0,17% 47% 27% 10%,10.581
fasta,node,2,250000,931,1.239,70084,0,9% 44% 58% 4%,1.079
fasta,node,2,2500000,931,6.996,112016,0,6% 42% 52% 9%,6.457
fasta,node,2,25000000,931,54.905,585480,0,36% 26% 21% 33%,47.473
fasta,gcc,5,250000,1281,0.035,0,0,75% 33% 33% 0%,0.036
fasta,gcc,5,2500000,1281,0.311,876,0,21% 36% 100% 7%,0.313
fasta,gcc,5,25000000,1281,2.733,860,0,0% 1% 1% 100%,2.735
fasta,jruby,3,250000,1002,13.925,508236,0,48% 59% 58% 77%,5.791
fasta,jruby,3,2500000,1002,27.846,764192,0,52% 46% 26% 33%,17.748
fasta,jruby,3,25000000,1002,141.578,823720,0,9% 19% 27% 53%,131.709
fasta,hipe,2,250000,1164,0.485,1612,0,15% 17% 10% 85%,0.407
fasta,hipe,2,2500000,1164,3.292,20936,0,98% 3% 5% 7%,2.939
fasta,hipe,2,25000000,1164,29.152,21756,0,2% 1% 47% 54%,27.897
fasta,perl,2,250000,922,2.898,5044,0,1% 1% 100% 0%,2.900
fasta,perl,2,2500000,922,28.486,5096,0,0% 100% 1% 0%,28.494
fasta,perl,2,25000000,922,281.212,5040,0,0% 1% 17% 83%,281.329
fasta,mri,4,250000,913,5.076,5784,0,0% 0% 100% 1%,5.080
fasta,mri,4,2500000,913,50.767,25304,0,100% 1% 0% 0%,50.821
fasta,mri,4,25000000,913,518.607,274280,0,0% 1% 88% 12%,519.088
fasta,python3,1,250000,817,1.608,10348,0,2% 1% 100% 1%,1.610
fasta,python3,1,2500000,817,14.923,10324,0,100% 1% 1% 1%,14.929
fasta,python3,1,25000000,817,143.644,10236,0,100% 1% 0% 1%,143.822
fasta,hack,3,250000,1061,1.032,87028,0,0% 99% 5% 1%,1.061
fasta,hack,3,2500000,1061,7.449,86660,0,1% 73% 31% 1%,7.554
fasta,hack,3,25000000,1061,69.625,87024,0,1% 0% 0% 100%,69.657
fasta,fpascal,4,250000,1140,0.118,0,0,92% 0% 8% 0%,0.120
fasta,fpascal,4,2500000,1140,1.118,8,0,99% 0% 1% 1%,1.119
fasta,fpascal,4,25000000,1140,10.848,8,0,100% 0% 1% 0%,10.851
fasta,yarv,3,250000,1002,1.075,9836,0,100% 5% 0% 0%,1.077
fasta,yarv,3,2500000,1002,10.062,18564,0,79% 23% 0% 0%,10.067
fasta,yarv,3,25000000,1002,99.647,106544,0,0% 0% 100% 0%,99.674
fasta,gpp,4,250000,1287,0.070,0,0,0% 0% 33% 100%,0.072
fasta,gpp,4,2500000,1287,0.648,848,0,7% 13% 98% 0%,0.650
fasta,gpp,4,25000000,1287,6.060,896,0,0% 0% 1% 100%,6.063
fasta,csharpcore,2,250000,1195,0.132,0,0,7% 0% 100% 0%,0.134
fasta,csharpcore,2,2500000,1195,0.799,31844,0,96% 3% 2% 0%,0.801
fasta,csharpcore,2,25000000,1195,6.351,32336,0,100% 0% 0% 1%,6.353
fasta,rust,1,250000,1237,0.187,0,0,0% 0% 100% 0%,0.189
fasta,rust,1,2500000,1237,1.890,1704,0,1% 1% 100% 2%,1.893
fasta,rust,1,25000000,1237,7.479,1752,0,1% 100% 0% 0%,7.482
fasta,mri,5,250000,995,5.591,4148,0,1% 100% 0% 0%,5.595
fasta,mri,5,2500000,995,55.983,4160,0,0% 1% 100% 0%,56.004
fasta,mri,5,25000000,995,569.028,4264,0,95% 6% 0% 0%,569.308
fasta,perl,4,250000,966,2.081,4932,0,0% 1% 0% 100%,2.107
fasta,perl,4,2500000,966,21.341,4872,0,0% 1% 100% 0%,21.349
fasta,perl,4,25000000,966,212.250,4864,0,0% 48% 7% 46%,212.365
fasta,yarv,6,250000,1069,0.871,10804,0,3% 1% 1% 99%,1.346
fasta,yarv,6,2500000,1069,7.646,19560,0,100% 1% 1% 1%,7.650
fasta,yarv,6,25000000,1069,74.597,107448,0,1% 6% 100% 2%,74.745
fasta,truffle,2,250000,743,42.873,456416,0,86% 90% 86% 89%,12.325
fasta,truffle,2,2500000,743,66.103,501012,0,70% 62% 37% 38%,32.013
fasta,truffle,2,25000000,743,1584.405,1125292,0,29% 31% 45% 44%,1070.265
fasta,erlang,1,250000,1039,1.832,21624,0,5% 19% 14% 97%,1.359
fasta,erlang,1,2500000,1039,15.784,21976,0,3% 15% 26% 94%,11.366
fasta,erlang,1,25000000,1039,161.072,21608,0,18% 97% 4% 21%,116.935
fasta,gcc,4,250000,1240,0.066,0,0,14% 100% 25% 50%,0.068
fasta,gcc,4,2500000,1240,0.654,756,0,2% 32% 24% 100%,0.656
fasta,gcc,4,25000000,1240,6.064,896,0,100% 1% 1% 1%,6.067
fasta,gnat,1,250000,1379,0.207,564,0,0% 5% 100% 0%,0.212
fasta,gnat,1,2500000,1379,1.983,2120,0,0% 3% 100% 1%,1.986
fasta,gnat,1,25000000,1379,10.355,2124,0,0% 0% 100% 1%,10.359
fasta,dart,1,250000,1403,0.345,940,0,17% 74% 3% 20%,0.309
fasta,dart,1,2500000,1403,1.111,50204,0,3% 7% 8% 93%,1.074
fasta,dart,1,25000000,1403,8.185,50560,0,1% 1% 99% 1%,8.104
fasta,gpp,1,250000,1057,0.078,0,0,0% 0% 100% 0%,0.080
fasta,gpp,1,2500000,1057,0.759,1824,0,8% 100% 3% 0%,0.761
fasta,gpp,1,25000000,1057,7.182,1824,0,1% 100% 1% 1%,7.185
fasta,gcc,2,250000,2268,0.088,0,0,67% 75% 100% 100%,0.028
fasta,gcc,2,2500000,2268,0.680,0,0,95% 95% 100% 100%,0.196
fasta,gcc,2,25000000,2268,5.251,2912,0,100% 99% 100% 99%,1.324
fasta,mri,3,250000,1002,0.000,0,-2,0% 0% 0% 100%,0.024
fasta,mri,3,2500000,1002,0.000,0,-2,0% 0% 0% 100%,0.024
fasta,mri,3,25000000,1002,0.000,0,-2,0% 0% 0% 100%,0.024
fasta,sbcl,6,250000,1757,0.179,0,0,0% 0% 0% 100%,0.181
fasta,sbcl,6,2500000,1757,1.600,45112,0,1% 1% 0% 99%,1.604
fasta,sbcl,6,25000000,1757,15.200,50020,0,100% 1% 0% 0%,15.220
fasta,truffle,6,250000,1069,43.067,459152,0,93% 88% 93% 88%,11.945
fasta,truffle,6,2500000,1069,52.074,476172,0,78% 75% 85% 83%,16.277
fasta,truffle,6,25000000,1069,84.200,518736,0,47% 47% 40% 40%,48.468
fasta,csharpcore,4,250000,1524,0.249,0,0,35% 31% 94% 31%,0.160
fasta,csharpcore,4,2500000,1524,1.322,58284,0,69% 70% 70% 91%,0.446
fasta,csharpcore,4,25000000,1524,10.148,177428,0,88% 88% 99% 88%,2.811
fasta,node,4,250000,1785,0.238,948,0,0% 100% 8% 4%,0.235
fasta,node,4,2500000,1785,1.105,34004,0,1% 6% 95% 1%,1.101
fasta,node,4,25000000,1785,9.333,37104,0,0% 100% 1% 0%,9.284
fasta,ghc,2,250000,1319,0.444,0,0,73% 94% 73% 71%,0.147
fasta,ghc,2,2500000,1319,4.542,51856,0,75% 85% 76% 88%,1.430
fasta,ghc,2,25000000,1319,45.339,447320,0,88% 82% 86% 78%,13.710
fasta,gpp,6,250000,2324,0.077,0,0,50% 0% 100% 67%,0.029
fasta,gpp,6,2500000,2324,0.589,0,0,83% 78% 82% 89%,0.185
fasta,gpp,6,25000000,2324,5.276,4372,0,89% 88% 90% 90%,1.487
fasta,sbcl,3,250000,1587,0.140,0,0,7% 100% 7% 0%,0.142
fasta,sbcl,3,2500000,1587,1.322,17700,0,0% 100% 1% 0%,1.324
fasta,sbcl,3,25000000,1587,10.181,17700,0,0% 34% 67% 0%,10.185
fasta,sbcl,1,250000,1424,0.227,8,0,5% 5% 0% 100%,0.229
fasta,sbcl,1,2500000,1424,2.185,22560,0,0% 0% 1% 100%,2.188
fasta,sbcl,1,25000000,1424,18.773,22560,0,0% 1% 0% 100%,18.779
fasta,rust,5,250000,1961,0.000,0,-11,%,0.000
fasta,rust,5,2500000,1961,0.000,0,-11,%,0.000
fasta,rust,5,25000000,1961,0.000,0,-11,%,0.000
fasta,gpp,5,250000,2344,0.064,0,0,50% 50% 100% 50%,0.024
fasta,gpp,5,2500000,2344,0.594,0,0,89% 84% 79% 84%,0.181
fasta,gpp,5,25000000,2344,5.317,4352,0,89% 89% 86% 89%,1.524
fasta,gpp,2,250000,1127,0.060,0,0,0% 100% 0% 0%,0.062
fasta,gpp,2,2500000,1127,0.552,1636,0,2% 2% 9% 100%,0.554
fasta,gpp,2,25000000,1127,5.098,1860,0,25% 77% 1% 0%,5.101
fasta,jruby,1,250000,770,16.931,758068,0,41% 88% 51% 46%,7.537
fasta,jruby,1,2500000,770,50.927,776460,0,21% 38% 45% 25%,40.288
fasta,jruby,1,25000000,770,407.839,1034820,0,7% 12% 32% 54%,393.615
fasta,ifc,3,250000,1215,0.158,0,0,0% 100% 0% 0%,0.160
fasta,ifc,3,2500000,1215,1.578,8,0,1% 1% 100% 0%,1.580
fasta,ifc,3,25000000,1215,4.727,8,0,100% 0% 0% 2%,4.729
fasta,erlang,2,250000,1164,0.776,25432,0,1% 7% 6% 99%,0.707
fasta,erlang,2,2500000,1164,6.128,22460,0,2% 3% 4% 99%,5.732
fasta,erlang,2,25000000,1164,56.480,23568,0,99% 2% 4% 1%,54.484
fasta,java,4,250000,1524,0.448,1024,0,7% 24% 34% 93%,0.291
fasta,java,4,2500000,1524,1.021,35652,0,21% 7% 21% 89%,0.771
fasta,java,4,25000000,1524,5.351,36388,0,2% 3% 3% 98%,5.106
fasta,gcc,1,250000,1206,0.085,0,0,0% 100% 25% 0%,0.086
fasta,gcc,1,2500000,1206,0.806,776,0,18% 9% 100% 18%,0.808
fasta,gcc,1,25000000,1206,7.656,900,0,100% 1% 0% 0%,7.659
fasta,truffle,4,250000,913,44.612,419916,0,89% 91% 91% 88%,12.487
fasta,truffle,4,2500000,913,66.640,473784,0,70% 83% 72% 65%,23.103
fasta,truffle,4,25000000,913,160.822,722808,0,56% 54% 21% 18%,108.958
fasta,gpp,7,250000,2711,0.054,0,0,100% 33% 40% 33%,0.037
fasta,gpp,7,2500000,2711,0.457,0,0,80% 80% 79% 75%,0.153
fasta,gpp,7,25000000,2711,4.183,1952,0,79% 78% 78% 79%,1.346
fasta,fsharpcore,3,250000,1350,0.194,0,0,8% 23% 86% 29%,0.134
fasta,fsharpcore,3,2500000,1350,0.807,792,0,61% 59% 93% 66%,0.296
fasta,fsharpcore,3,25000000,1350,6.266,123472,0,93% 99% 93% 93%,1.665
fasta,yarv,2,250000,743,2.064,11460,0,0% 1% 100% 0%,2.066
fasta,yarv,2,2500000,743,20.630,31300,0,1% 100% 0% 0%,20.639
fasta,yarv,2,25000000,743,202.482,204492,0,26% 75% 0% 0%,202.549
fasta,ocaml,3,250000,1064,0.000,0,-11,%,0.000
fasta,ocaml,3,2500000,1064,0.000,0,-11,%,0.000
fasta,ocaml,3,25000000,1064,0.000,0,-11,%,0.000
fasta,gcc,6,250000,1930,0.078,0,0,100% 75% 0% 67%,0.030
fasta,gcc,6,2500000,1930,0.750,1028,0,78% 84% 37% 93%,0.304
fasta,gcc,6,25000000,1930,5.370,2660,0,5% 98% 98% 100%,1.821
fasta,rust,3,250000,1233,0.047,0,0,20% 100% 0% 20%,0.049
fasta,rust,3,2500000,1233,0.433,2816,0,0% 0% 100% 2%,0.435
fasta,rust,3,25000000,1233,3.835,2904,0,0% 0% 1% 100%,3.837
fasta,swift,2,250000,1953,0.052,0,0,75% 60% 0% 0%,0.045
fasta,swift,2,2500000,1953,0.499,1656,0,30% 45% 39% 38%,0.342
fasta,swift,2,25000000,1953,4.363,9004,0,71% 3% 82% 4%,2.784
fasta,lua,3,250000,1061,0.543,2808,0,0% 98% 0% 0%,0.545
fasta,lua,3,2500000,1061,5.494,2812,0,0% 2% 100% 0%,5.498
fasta,lua,3,25000000,1061,50.701,2968,0,0% 100% 1% 0%,50.714
fasta,ocaml,6,250000,1189,0.070,0,0,0% 0% 75% 22%,0.088
fasta,ocaml,6,2500000,1189,0.632,15528,0,3% 2% 100% 0%,0.634
fasta,ocaml,6,25000000,1189,5.991,199732,0,0% 2% 100% 0%,5.996
fasta,go,3,250000,1358,0.078,0,0,67% 33% 50% 80%,0.033
fasta,go,3,2500000,1358,0.612,1000,0,79% 78% 35% 82%,0.228
fasta,go,3,25000000,1358,5.690,3640,0,84% 66% 70% 56%,2.077
fasta,typescript,1,250000,1229,0.247,920,0,0% 100% 8% 0%,0.246
fasta,typescript,1,2500000,1229,1.194,33756,0,0% 100% 2% 0%,1.191
fasta,typescript,1,25000000,1229,10.105,34304,0,2% 98% 1% 0%,10.101
fasta,go,1,250000,1053,0.081,0,0,0% 11% 0% 89%,0.082
fasta,go,1,2500000,1053,0.761,996,0,100% 0% 0% 3%,0.762
fasta,go,1,25000000,1053,7.154,1472,0,0% 1% 100% 0%,7.155
fasta,hack,4,250000,1147,0.764,86692,0,2% 5% 97% 0%,0.797
fasta,hack,4,2500000,1147,4.598,87044,0,99% 1% 1% 3%,4.726
fasta,hack,4,25000000,1147,41.515,86892,0,69% 4% 4% 32%,41.541
fasta,go,2,250000,1404,0.084,0,0,67% 50% 25% 60%,0.042
fasta,go,2,2500000,1404,0.680,1584,0,90% 36% 55% 50%,0.295
fasta,go,2,25000000,1404,6.313,10808,0,57% 47% 79% 49%,2.717
fasta,python3,5,250000,1947,1.901,15856,0,50% 53% 28% 54%,1.087
fasta,python3,5,2500000,1947,14.156,15876,0,62% 40% 64% 60%,6.384
fasta,python3,5,25000000,1947,138.968,15996,0,55% 55% 63% 66%,59.465
fasta,ifc,4,250000,1351,0.036,0,0,0% 0% 100% 0%,0.038
fasta,ifc,4,2500000,1351,0.329,8,0,6% 0% 3% 100%,0.331
fasta,ifc,4,25000000,1351,2.903,8,0,100% 0% 1% 2%,2.905
fasta,yarv,5,250000,995,1.634,9076,0,0% 0% 100% 1%,1.635
fasta,yarv,5,2500000,995,15.510,9088,0,100% 2% 0% 0%,15.517
fasta,yarv,5,25000000,995,154.236,8892,0,0% 0% 100% 1%,154.381
fasta,gnat,5,250000,2221,0.048,0,0,0% 100% 0% 0%,0.049
fasta,gnat,5,2500000,2221,0.453,2012,0,2% 100% 2% 0%,0.455
fasta,gnat,5,25000000,2221,4.080,2092,0,0% 29% 72% 3%,4.083
fasta,gpp,3,250000,1307,0.049,0,0,100% 43% 25% 0%,0.054
fasta,gpp,3,2500000,1307,0.464,1772,0,0% 2% 9% 100%,0.466
fasta,gpp,3,25000000,1307,4.179,1888,0,1% 1% 1% 100%,4.182
fasta,vw,1,250000,1536,0.692,54812,0,3% 0% 100% 1%,0.696
fasta,vw,1,2500000,1536,4.964,55520,0,1% 100% 1% 0%,4.971
fasta,vw,1,25000000,1536,47.324,56084,0,100% 1% 1% 0%,47.340
fasta,racket,3,250000,1280,0.273,2904,0,0% 0% 100% 0%,0.275
fasta,racket,3,2500000,1280,1.893,26136,0,100% 1% 1% 1%,1.895
fasta,racket,3,25000000,1280,17.463,26148,0,0% 1% 100% 0%,17.469
fasta,chapel,2,250000,1392,0.114,0,0,100% 50% 50% 75%,0.044
fasta,chapel,2,2500000,1392,0.686,2192,0,96% 82% 74% 73%,0.222
fasta,chapel,2,25000000,1392,5.826,5728,0,100% 82% 82% 83%,1.690
fasta,hack,2,250000,1047,1.037,86732,0,32% 53% 98% 35%,1.064
fasta,hack,2,2500000,1047,7.139,86732,0,88% 90% 32% 72%,7.160
fasta,hack,2,25000000,1047,44.448,86872,0,0% 46% 56% 0%,44.473
fasta,racket,1,250000,1066,0.527,24784,0,0% 4% 100% 0%,0.529
fasta,racket,1,2500000,1066,4.434,24768,0,0% 1% 100% 1%,4.436
fasta,racket,1,25000000,1066,42.620,24936,0,1% 0% 0% 100%,42.623
fasta,csharpcore,3,250000,1916,0.182,0,0,18% 30% 90% 20%,0.110
fasta,csharpcore,3,2500000,1916,0.930,768,0,59% 71% 89% 56%,0.343
fasta,csharpcore,3,25000000,1916,8.021,65188,0,98% 86% 87% 87%,2.252
fasta,swift,3,250000,2096,0.130,1368,0,23% 70% 18% 9%,0.218
fasta,swift,3,2500000,2096,0.873,1968,0,76% 66% 74% 44%,0.348
fasta,swift,3,25000000,2096,7.854,31132,0,83% 85% 71% 94%,2.369
fasta,mri,6,250000,1069,0.000,0,-2,0% 20% 0% 100%,0.047
fasta,mri,6,2500000,1069,0.000,0,-2,0% 20% 0% 100%,0.047
fasta,mri,6,25000000,1069,0.000,0,-2,0% 20% 0% 100%,0.047
fasta,python3,2,250000,1121,1.277,10324,0,2% 5% 99% 4%,1.279
fasta,python3,2,2500000,1121,11.190,10272,0,100% 3% 1% 1%,11.196
fasta,python3,2,25000000,1121,109.525,10456,0,100% 1% 0% 0%,109.551
fasta,rust,4,250000,939,0.078,0,0,0% 100% 0% 11%,0.080
fasta,rust,4,2500000,939,0.760,7184,0,5% 100% 0% 0%,0.762
fasta,rust,4,25000000,939,7.144,124384,0,100% 1% 0% 0%,7.148
fasta,gcc,7,250000,2011,0.403,0,0,92% 86% 100% 92%,0.138
fasta,gcc,7,2500000,2011,1.424,2892,0,91% 98% 93% 95%,0.449
fasta,gcc,7,25000000,2011,5.284,2896,0,100% 98% 97% 96%,1.361
fasta,yarv,4,250000,913,1.581,10120,0,0% 100% 0% 0%,1.583
fasta,yarv,4,2500000,913,14.424,26428,0,0% 1% 100% 0%,14.431
fasta,yarv,4,25000000,913,149.187,191216,0,0% 7% 0% 94%,149.340
fasta,mri,2,250000,743,7.010,6512,0,1% 1% 1% 100%,7.014
fasta,mri,2,2500000,743,67.911,27412,0,100% 0% 0% 0%,67.932
fasta,mri,2,25000000,743,681.723,248148,0,0% 1% 100% 0%,681.918
fasta,lua,2,250000,1061,0.535,2812,0,0% 0% 100% 0%,0.537
fasta,lua,2,2500000,1061,5.356,2568,0,0% 100% 1% 0%,5.359
fasta,lua,2,25000000,1061,50.064,2920,0,0% 7% 94% 0%,50.078
fasta,java,5,250000,2473,0.632,2056,0,48% 80% 54% 46%,0.285
fasta,java,5,2500000,2473,1.204,36556,0,68% 58% 76% 46%,0.499
fasta,java,5,25000000,2473,5.926,43628,0,51% 75% 57% 81%,2.268
fasta,ifc,1,250000,1190,0.184,0,0,0% 0% 0% 100%,0.186
fasta,ifc,1,2500000,1190,1.837,8,0,0% 99% 2% 0%,1.840
fasta,ifc,1,25000000,1190,6.221,8,0,0% 61% 40% 0%,6.224
fasta,hipe,1,250000,1039,1.510,21016,0,11% 33% 5% 96%,1.038
fasta,hipe,1,2500000,1039,15.520,21088,0,19% 82% 18% 16%,11.450
fasta,hipe,1,25000000,1039,151.652,20868,0,33% 39% 49% 24%,105.446
fasta,csharpcore,1,250000,2098,0.205,0,0,8% 46% 92% 17%,0.126
fasta,csharpcore,1,2500000,2098,0.888,764,0,66% 83% 87% 67%,0.299
fasta,csharpcore,1,25000000,2098,7.968,65216,0,95% 99% 95% 95%,2.086
fasta,perl,1,250000,871,1.082,5620,0,99% 2% 2% 0%,1.100
fasta,perl,1,2500000,871,9.979,10160,0,0% 100% 1% 0%,9.983
fasta,perl,1,25000000,871,99.614,54044,0,0% 1% 0% 100%,99.637
fasta,python3,3,250000,1003,1.286,10232,0,100% 0% 0% 2%,1.287
fasta,python3,3,2500000,1003,11.213,10456,0,0% 2% 100% 0%,11.218
fasta,python3,3,25000000,1003,109.362,10460,0,0% 0% 0% 100%,109.388
fasta,chapel,1,250000,1218,0.124,0,0,100% 0% 8% 0%,0.117
fasta,chapel,1,2500000,1218,0.971,4664,0,99% 1% 1% 0%,0.963
fasta,chapel,1,25000000,1218,9.101,4820,0,100% 1% 0% 0%,9.094
knucleotide,csharpcore,2,250000,1018,2.007,115964,0,23% 28% 4% 53%,1.870
knucleotide,csharpcore,2,2500000,1018,14.388,129596,0,17% 27% 35% 25%,14.042
knucleotide,csharpcore,2,25000000,1018,141.605,1057704,0,24% 28% 29% 23%,137.993
knucleotide,vw,5,250000,1303,7.172,92052,0,100% 9% 7% 8%,7.200
knucleotide,vw,5,2500000,1303,66.336,145956,0,34% 18% 97% 23%,66.529
knucleotide,vw,5,25000000,1303,651.608,387932,0,39% 63% 34% 21%,652.474
knucleotide,sbcl,6,250000,2479,0.732,8,0,69% 96% 67% 67%,0.269
knucleotide,sbcl,6,2500000,2479,6.454,87580,0,72% 74% 100% 71%,2.154
knucleotide,sbcl,6,25000000,2479,63.518,511476,0,87% 87% 87% 100%,17.619
knucleotide,csharpcore,6,250000,1603,0.736,792,0,80% 29% 51% 31%,0.393
knucleotide,csharpcore,6,2500000,1603,5.219,71592,0,54% 62% 76% 90%,1.878
knucleotide,csharpcore,6,25000000,1603,38.177,184192,0,97% 72% 50% 51%,14.247
knucleotide,mri,2,250000,420,9.142,45496,0,0% 0% 1% 100%,9.149
knucleotide,mri,2,2500000,420,89.115,57840,0,0% 1% 59% 41%,89.161
knucleotide,mri,2,25000000,420,898.898,167896,0,15% 73% 13% 0%,899.317
knucleotide,perl,4,250000,476,2.541,53388,0,40% 92% 50% 87%,0.949
knucleotide,perl,4,2500000,476,21.850,156228,0,85% 92% 84% 67%,6.672
knucleotide,perl,4,25000000,476,215.416,1068544,0,78% 78% 83% 97%,64.223
knucleotide,swift,2,250000,1366,2.135,66196,0,25% 59% 23% 56%,1.315
knucleotide,swift,2,2500000,1366,9.307,77180,0,82% 65% 80% 65%,3.208
knucleotide,swift,2,25000000,1366,81.360,233016,0,96% 91% 95% 91%,21.885
knucleotide,yarv,7,250000,858,4.410,102256,0,78% 70% 71% 83%,1.483
knucleotide,yarv,7,2500000,858,35.062,46912,0,95% 84% 92% 83%,9.964
knucleotide,yarv,7,25000000,858,334.941,381692,0,80% 82% 97% 95%,95.748
knucleotide,truffle,7,250000,880,0.000,531668,-10,90% 91% 92% 87%,13.897
knucleotide,truffle,7,2500000,880,0.000,531668,-10,90% 91% 92% 87%,13.897
knucleotide,truffle,7,25000000,880,0.000,531668,-10,90% 91% 92% 87%,13.897
knucleotide,gpp,3,250000,1276,0.734,740,0,30% 38% 93% 28%,0.410
knucleotide,gpp,3,2500000,1276,2.917,55060,0,57% 50% 57% 78%,1.329
knucleotide,gpp,3,25000000,1276,26.024,165180,0,80% 96% 82% 79%,7.750
knucleotide,typescript,1,250000,719,0.000,0,-2,0% 0% 9% 100%,0.101
knucleotide,typescript,1,2500000,719,0.000,0,-2,0% 0% 9% 100%,0.101
knucleotide,typescript,1,25000000,719,0.000,0,-2,0% 0% 9% 100%,0.101
knucleotide,dart,1,250000,610,3.682,140028,0,3% 1% 97% 3%,3.567
knucleotide,dart,1,2500000,610,32.227,183004,0,0% 85% 1% 16%,31.985
knucleotide,dart,1,25000000,610,313.230,411572,0,10% 45% 47% 1%,310.986
knucleotide,erlang,1,250000,930,5.264,146428,0,94% 68% 62% 59%,1.891
knucleotide,erlang,1,2500000,930,50.564,875444,0,96% 68% 60% 71%,17.226
knucleotide,erlang,1,25000000,930,523.908,3590628,0,57% 71% 71% 71%,242.573
knucleotide,go,6,250000,1590,0.721,948,0,67% 100% 84% 58%,0.241
knucleotide,go,6,2500000,1590,5.828,33536,0,84% 96% 89% 74%,1.705
knucleotide,go,6,25000000,1590,50.888,147984,0,79% 87% 97% 96%,14.215
knucleotide,csharpcore,7,250000,1838,0.801,768,0,44% 47% 56% 86%,0.349
knucleotide,csharpcore,7,2500000,1838,5.495,114536,0,70% 93% 79% 68%,1.799
knucleotide,csharpcore,7,25000000,1838,53.911,841468,0,92% 76% 76% 82%,16.665
knucleotide,ocaml,1,250000,875,0.000,0,-11,%,0.000
knucleotide,ocaml,1,2500000,875,0.000,0,-11,%,0.000
knucleotide,ocaml,1,25000000,875,0.000,0,-11,%,0.000
knucleotide,jruby,3,250000,540,25.398,844848,0,81% 84% 93% 86%,7.409
knucleotide,jruby,3,2500000,540,98.361,856580,0,92% 91% 80% 90%,27.908
knucleotide,jruby,3,25000000,540,867.727,1151568,0,92% 87% 89% 89%,243.377
knucleotide,hipe,1,250000,936,3.460,145220,0,60% 51% 73% 52%,1.494
knucleotide,hipe,1,2500000,936,33.070,1174600,0,65% 48% 69% 66%,13.606
knucleotide,hipe,1,25000000,936,331.812,3270888,0,73% 59% 62% 56%,143.453
knucleotide,truffle,2,250000,420,71.699,520848,0,88% 75% 74% 72%,23.258
knucleotide,truffle,2,2500000,420,113.556,550352,0,34% 31% 70% 56%,59.457
knucleotide,truffle,2,25000000,420,900.033,1131444,0,32% 27% 25% 24%,834.324
knucleotide,python3,1,250000,607,4.341,16808,0,75% 43% 73% 65%,1.710
knucleotide,python3,1,2500000,607,42.479,27744,0,64% 91% 96% 59%,13.770
knucleotide,python3,1,25000000,607,415.629,309992,0,94% 72% 76% 74%,131.599
knucleotide,java,1,250000,1812,1.625,49068,0,51% 54% 77% 61%,0.702
knucleotide,java,1,2500000,1812,3.951,98384,0,66% 85% 71% 65%,1.387
knucleotide,java,1,25000000,1812,27.091,385056,0,85% 72% 70% 85%,8.748
knucleotide,gpp,1,250000,1446,0.401,820,0,38% 72% 8% 73%,0.252
knucleotide,gpp,1,2500000,1446,2.586,60652,0,38% 73% 71% 7%,1.565
knucleotide,gpp,1,25000000,1446,24.109,756276,0,88% 13% 21% 90%,11.515
knucleotide,perl,1,250000,652,6.365,253024,0,20% 67% 60% 31%,3.607
knucleotide,perl,1,2500000,652,27.681,312804,0,69% 68% 74% 95%,9.110
knucleotide,perl,1,25000000,652,226.024,1253764,0,87% 90% 88% 84%,65.911
knucleotide,python3,3,250000,1967,3.835,16664,0,70% 70% 69% 95%,1.266
knucleotide,python3,3,2500000,1967,30.338,27708,0,93% 97% 92% 92%,8.120
knucleotide,python3,3,25000000,1967,302.859,182700,0,97% 99% 97% 98%,77.651
knucleotide,java,3,250000,1635,2.313,64668,0,76% 71% 61% 74%,0.835
knucleotide,java,3,2500000,1635,6.458,110600,0,70% 77% 87% 73%,2.153
knucleotide,java,3,25000000,1635,41.540,381676,0,78% 89% 90% 80%,12.363
knucleotide,swift,1,250000,1231,1.986,51080,0,54% 49% 23% 18%,1.419
knucleotide,swift,1,2500000,1231,9.422,69216,0,57% 70% 85% 58%,3.521
knucleotide,swift,1,25000000,1231,83.653,181548,0,80% 83% 96% 79%,24.920
knucleotide,go,1,250000,986,2.010,32120,0,78% 90% 73% 95%,0.597
knucleotide,go,1,2500000,986,16.145,46044,0,96% 96% 78% 79%,4.646
knucleotide,go,1,25000000,986,176.100,391312,0,76% 95% 82% 86%,52.175
knucleotide,erlang,3,250000,932,5.156,67404,0,63% 89% 65% 49%,2.074
knucleotide,erlang,3,2500000,932,48.492,151396,0,69% 63% 64% 93%,17.003
knucleotide,erlang,3,25000000,932,499.140,892448,0,69% 71% 94% 56%,175.103
knucleotide,csharpcore,9,250000,2283,0.911,792,0,92% 47% 45% 61%,0.381
knucleotide,csharpcore,9,2500000,2283,4.174,94304,0,67% 72% 78% 89%,1.369
knucleotide,csharpcore,9,25000000,2283,39.447,201500,0,78% 74% 97% 73%,12.309
knucleotide,perl,3,250000,513,2.685,53320,0,81% 80% 54% 55%,1.015
knucleotide,perl,3,2500000,513,23.657,157488,0,97% 85% 74% 76%,7.217
knucleotide,perl,3,25000000,513,234.721,1146448,0,71% 75% 94% 95%,69.990
knucleotide,java,5,250000,2219,2.853,196684,0,66% 51% 74% 57%,1.149
knucleotide,java,5,2500000,2219,12.368,247488,0,79% 42% 91% 42%,4.907
knucleotide,java,5,25000000,2219,79.183,228788,0,54% 94% 14% 62%,35.513
knucleotide,hipe,3,250000,937,3.400,64976,0,51% 57% 54% 85%,1.471
knucleotide,hipe,3,2500000,937,31.145,169712,0,66% 66% 74% 67%,11.595
knucleotide,hipe,3,25000000,937,323.769,798548,0,83% 67% 69% 70%,113.833
knucleotide,lua,2,250000,613,2.146,27384,0,0% 100% 1% 0%,2.176
knucleotide,lua,2,2500000,613,18.475,91060,0,0% 100% 1% 0%,18.583
knucleotide,lua,2,25000000,613,183.188,513992,0,81% 1% 1% 20%,184.254
knucleotide,gnat,2,250000,4908,0.364,984,0,61% 25% 68% 14%,0.232
knucleotide,gnat,2,2500000,4908,2.877,38824,0,35% 73% 34% 53%,1.681
knucleotide,gnat,2,25000000,4908,25.264,258596,0,30% 65% 42% 87%,11.317
knucleotide,rust,1,250000,1078,1.223,36992,0,84% 52% 77% 44%,0.482
knucleotide,rust,1,2500000,1078,11.244,42796,0,86% 51% 52% 99%,3.918
knucleotide,rust,1,25000000,1078,111.273,152768,0,100% 48% 51% 87%,39.108
knucleotide,rust,6,250000,1671,0.243,0,0,64% 40% 60% 90%,0.102
knucleotide,rust,6,2500000,1671,1.714,27848,0,47% 82% 66% 98%,0.595
knucleotide,rust,6,25000000,1671,16.440,140784,0,83% 51% 67% 99%,5.530
knucleotide,yarv,2,250000,420,4.240,33368,0,1% 100% 0% 0%,4.243
knucleotide,yarv,2,2500000,420,38.993,52132,0,0% 1% 100% 0%,39.011
knucleotide,yarv,2,25000000,420,381.671,162068,0,0% 1% 100% 0%,381.837
knucleotide,sbcl,5,250000,2320,0.573,141020,0,0% 2% 98% 0%,0.575
knucleotide,sbcl,5,2500000,2320,4.370,151844,0,0% 100% 1% 2%,4.376
knucleotide,sbcl,5,25000000,2320,40.437,151844,0,100% 1% 0% 0%,40.466
knucleotide,ocaml,2,250000,1212,0.000,0,-11,%,0.000
knucleotide,ocaml,2,2500000,1212,0.000,0,-11,%,0.000
knucleotide,ocaml,2,25000000,1212,0.000,0,-11,%,0.000
knucleotide,fsharpcore,2,250000,1926,0.923,45196,0,40% 78% 32% 29%,0.573
knucleotide,fsharpcore,2,2500000,1926,4.197,88492,0,59% 75% 66% 73%,1.680
knucleotide,fsharpcore,2,25000000,1926,36.773,195348,0,96% 88% 84% 86%,10.427
knucleotide,rust,4,250000,1749,0.214,0,0,38% 88% 78% 56%,0.081
knucleotide,rust,4,2500000,1749,1.690,27748,0,49% 84% 74% 89%,0.575
knucleotide,rust,4,25000000,1749,17.274,137956,0,69% 62% 66% 100%,5.863
knucleotide,csharpcore,5,250000,2319,0.589,752,0,37% 44% 21% 83%,0.343
knucleotide,csharpcore,5,2500000,2319,4.121,68812,0,75% 69% 22% 69%,1.921
knucleotide,csharpcore,5,25000000,2319,37.803,181368,0,96% 31% 97% 60%,13.370
knucleotide,rust,5,250000,1739,0.366,0,0,31% 27% 100% 93%,0.159
knucleotide,rust,5,2500000,1739,2.464,27584,0,92% 24% 99% 36%,0.981
knucleotide,rust,5,25000000,1739,24.163,137456,0,92% 36% 32% 93%,9.571
knucleotide,node,1,250000,1008,2.407,269360,0,65% 61% 76% 86%,1.211
knucleotide,node,1,2500000,1008,16.242,453076,0,69% 70% 96% 75%,7.293
knucleotide,node,1,25000000,1008,151.585,1466384,0,77% 84% 78% 70%,68.455
knucleotide,chapel,1,250000,1063,1.264,26848,0,94% 65% 44% 65%,0.481
knucleotide,chapel,1,2500000,1063,7.198,54364,0,92% 74% 77% 75%,2.278
knucleotide,chapel,1,25000000,1063,66.469,293140,0,100% 88% 88% 88%,18.314
knucleotide,csharpcore,4,250000,1702,1.177,45708,0,60% 58% 91% 64%,0.440
knucleotide,csharpcore,4,2500000,1702,9.550,119464,0,81% 86% 92% 82%,2.803
knucleotide,csharpcore,4,25000000,1702,94.567,777296,0,87% 95% 89% 83%,26.766
knucleotide,truffle,1,250000,667,76.634,558044,0,93% 92% 93% 92%,20.773
knucleotide,truffle,1,2500000,667,160.902,584612,0,93% 92% 91% 93%,43.663
knucleotide,truffle,1,25000000,667,1263.568,1122764,0,94% 92% 89% 91%,346.502
knucleotide,ghc,1,250000,1059,4.955,49188,0,59% 91% 63% 58%,1.890
knucleotide,ghc,1,2500000,1059,16.884,76432,0,84% 72% 71% 86%,5.482
knucleotide,ghc,1,25000000,1059,141.796,523084,0,91% 88% 88% 87%,40.224
knucleotide,rust,2,250000,1347,0.529,1612,0,32% 82% 48% 86%,0.218
knucleotide,rust,2,2500000,1347,4.730,27928,0,42% 85% 94% 49%,1.780
knucleotide,rust,2,25000000,1347,47.113,137832,0,45% 85% 58% 90%,17.099
knucleotide,node,2,250000,935,2.354,248096,0,91% 60% 75% 69%,1.149
knucleotide,node,2,2500000,935,15.973,478116,0,96% 79% 71% 78%,7.018
knucleotide,node,2,25000000,935,148.981,1790732,0,71% 98% 80% 73%,66.721
knucleotide,csharpcore,1,250000,1425,1.187,50736,0,3% 69% 31% 1%,1.177
knucleotide,csharpcore,1,2500000,1425,10.015,123216,0,45% 53% 1% 2%,9.978
knucleotide,csharpcore,1,25000000,1425,99.770,724320,0,1% 98% 2% 1%,98.443
knucleotide,dart,2,250000,2467,1.677,85736,0,56% 58% 63% 62%,0.720
knucleotide,dart,2,2500000,2467,9.669,284996,0,58% 57% 75% 77%,3.658
knucleotide,dart,2,25000000,2467,91.869,2043956,0,58% 71% 80% 67%,33.476
knucleotide,fsharpcore,3,250000,1111,1.037,54168,0,80% 22% 53% 35%,0.556
knucleotide,fsharpcore,3,2500000,1111,7.078,166076,0,25% 55% 84% 73%,3.026
knucleotide,fsharpcore,3,25000000,1111,65.242,1244556,0,77% 55% 79% 33%,26.924
knucleotide,racket,4,250000,885,1.141,49096,0,0% 100% 3% 0%,1.142
knucleotide,racket,4,2500000,885,9.179,94640,0,0% 38% 63% 0%,9.182
knucleotide,racket,4,25000000,885,88.045,367936,0,0% 0% 0% 100%,88.046
knucleotide,sbcl,2,250000,1284,1.467,64756,0,100% 1% 0% 0%,1.469
knucleotide,sbcl,2,2500000,1284,13.958,174628,0,0% 1% 0% 100%,13.965
knucleotide,sbcl,2,25000000,1284,139.877,506852,0,0% 1% 0% 100%,139.928
knucleotide,jruby,1,250000,637,24.180,838928,0,84% 85% 86% 83%,7.163
knucleotide,jruby,1,2500000,637,100.670,856456,0,84% 93% 88% 91%,28.304
knucleotide,jruby,1,25000000,637,904.136,1151636,0,89% 90% 92% 94%,248.110
knucleotide,csharpcore,8,250000,2044,0.718,792,0,47% 52% 53% 87%,0.309
knucleotide,csharpcore,8,2500000,2044,4.103,81848,0,75% 90% 83% 82%,1.253
knucleotide,csharpcore,8,25000000,2044,40.361,189036,0,96% 95% 74% 87%,11.469
knucleotide,php,4,250000,1079,1.447,68504,0,87% 51% 57% 94%,0.523
knucleotide,php,4,2500000,1079,13.824,27780,0,73% 90% 87% 65%,4.415
knucleotide,php,4,25000000,1079,133.266,242044,0,83% 76% 73% 91%,41.388
knucleotide,rust,7,250000,1647,0.000,0,-11,%,0.000
knucleotide,rust,7,2500000,1647,0.000,0,-11,%,0.000
knucleotide,rust,7,25000000,1647,0.000,0,-11,%,0.000
knucleotide,csharpcore,3,250000,1404,1.440,74724,0,69% 74% 72% 57%,0.536
knucleotide,csharpcore,3,2500000,1404,9.802,138924,0,74% 78% 99% 65%,3.118
knucleotide,csharpcore,3,25000000,1404,201.928,672520,0,74% 97% 80% 77%,61.806
knucleotide,perl,2,250000,359,2.386,48180,0,1% 0% 100% 1%,2.389
knucleotide,perl,2,2500000,359,20.883,87324,0,70% 1% 0% 30%,20.894
knucleotide,perl,2,25000000,359,218.238,658792,0,0% 100% 1% 0%,218.337
knucleotide,go,3,250000,1722,0.673,948,0,59% 79% 74% 64%,0.267
knucleotide,go,3,2500000,1722,5.120,33388,0,72% 71% 63% 89%,1.836
knucleotide,go,3,25000000,1722,47.345,148052,0,87% 97% 94% 95%,12.767
knucleotide,go,2,250000,1560,1.457,21496,0,50% 57% 94% 94%,0.499
knucleotide,go,2,2500000,1560,13.841,46828,0,96% 69% 74% 47%,4.915
knucleotide,go,2,25000000,1560,131.570,265288,0,92% 53% 96% 49%,45.384
knucleotide,yarv,1,250000,637,4.426,102212,0,79% 90% 81% 82%,1.349
knucleotide,yarv,1,2500000,637,39.958,22720,0,90% 89% 90% 95%,11.046
knucleotide,yarv,1,25000000,637,396.174,132712,0,90% 86% 91% 96%,110.539
knucleotide,sbcl,3,250000,1290,1.478,64756,0,0% 100% 1% 1%,1.480
knucleotide,sbcl,3,2500000,1290,13.959,174628,0,0% 1% 100% 0%,13.967
knucleotide,sbcl,3,25000000,1290,141.017,509312,0,0% 100% 1% 0%,141.067
knucleotide,gcc,1,250000,1506,0.255,0,0,67% 63% 38% 71%,0.159
knucleotide,gcc,1,2500000,1506,2.068,19940,0,63% 99% 48% 39%,1.041
knucleotide,gcc,1,25000000,1506,19.332,130160,0,76% 50% 92% 75%,6.670
knucleotide,fsharpcore,4,250000,1509,0.967,70760,0,48% 69% 60% 60%,0.423
knucleotide,fsharpcore,4,2500000,1509,7.186,165384,0,79% 69% 68% 77%,2.471
knucleotide,fsharpcore,4,25000000,1509,62.947,1198184,0,90% 80% 75% 83%,19.286
knucleotide,truffle,3,250000,540,82.050,565284,0,95% 92% 94% 92%,22.078
knucleotide,truffle,3,2500000,540,156.119,589260,0,95% 91% 87% 95%,42.533
knucleotide,truffle,3,25000000,540,1256.475,1121452,0,91% 90% 92% 93%,344.030
knucleotide,mri,3,250000,540,13.244,47524,0,0% 1% 100% 0%,13.249
knucleotide,mri,3,2500000,540,139.427,58464,0,100% 1% 0% 0%,139.473
knucleotide,mri,3,25000000,540,1350.975,168248,0,47% 54% 0% 0%,1351.407
knucleotide,ocaml,3,250000,1833,0.676,34216,0,43% 42% 65% 77%,0.315
knucleotide,ocaml,3,2500000,1833,6.334,34556,0,38% 42% 93% 83%,2.598
knucleotide,ocaml,3,25000000,1833,57.548,255436,0,47% 39% 94% 89%,21.627
knucleotide,sbcl,1,250000,2424,0.902,8,0,59% 94% 63% 67%,0.323
knucleotide,sbcl,1,2500000,2424,7.825,172612,0,66% 66% 98% 65%,2.675
knucleotide,sbcl,1,25000000,2424,76.899,504584,0,66% 100% 67% 67%,25.814
knucleotide,fsharpcore,1,250000,701,3.300,371764,0,64% 64% 88% 55%,1.226
knucleotide,fsharpcore,1,2500000,701,24.069,354472,0,75% 72% 72% 73%,8.289
knucleotide,fsharpcore,1,25000000,701,228.936,850760,0,78% 78% 82% 78%,72.691
knucleotide,mri,7,250000,858,0.000,0,-2,83% 86% 67% 67%,0.065
knucleotide,mri,7,2500000,858,0.000,0,-2,83% 86% 67% 67%,0.065
knucleotide,mri,7,25000000,858,0.000,0,-2,83% 86% 67% 67%,0.065
knucleotide,racket,1,250000,547,2.848,79336,0,0% 100% 1% 0%,2.857
knucleotide,racket,1,2500000,547,25.420,183028,0,1% 0% 0% 100%,25.437
knucleotide,racket,1,25000000,547,243.382,1313516,0,94% 0% 1% 6%,243.410
knucleotide,hack,4,250000,1081,2.739,90280,0,67% 58% 42% 72%,1.169
knucleotide,hack,4,2500000,1081,21.016,101924,0,75% 95% 75% 86%,6.405
knucleotide,hack,4,25000000,1081,201.507,293544,0,90% 89% 77% 88%,59.217
knucleotide,java,4,250000,1882,2.236,202148,0,30% 53% 61% 36%,1.257
knucleotide,java,4,2500000,1882,8.059,209576,0,10% 27% 66% 14%,6.941
knucleotide,java,4,25000000,1882,62.039,197284,0,39% 61% 1% 1%,60.928
knucleotide,ifc,1,250000,2238,0.000,0,-2,0% 0% 100% 0%,0.089
knucleotide,ifc,1,2500000,2238,0.000,0,-2,0% 0% 100% 0%,0.089
knucleotide,ifc,1,25000000,2238,0.000,0,-2,0% 0% 100% 0%,0.089
knucleotide,python3,8,250000,655,4.375,16728,0,45% 94% 75% 45%,1.706
knucleotide,python3,8,2500000,655,38.780,33744,0,80% 70% 94% 48%,13.340
knucleotide,python3,8,25000000,655,402.733,496140,0,92% 56% 96% 57%,133.795
knucleotide,ghc,2,250000,1486,0.000,0,-11,%,0.000
knucleotide,ghc,2,2500000,1486,0.000,0,-11,%,0.000
knucleotide,ghc,2,25000000,1486,0.000,0,-11,%,0.000
knucleotide,gpp,2,250000,1624,0.454,888,0,18% 83% 16% 23%,0.372
knucleotide,gpp,2,2500000,1624,1.488,25368,0,28% 35% 54% 54%,0.982
knucleotide,gpp,2,25000000,1624,11.442,156108,0,91% 70% 75% 70%,3.781
knucleotide,sbcl,4,250000,2291,0.561,148016,0,0% 100% 4% 0%,0.563
knucleotide,sbcl,4,2500000,2291,4.019,151844,0,100% 0% 0% 1%,4.024
knucleotide,sbcl,4,25000000,2291,37.915,151844,0,100% 1% 0% 0%,37.946
knucleotide,rust,3,250000,1661,0.299,0,0,67% 28% 67% 41%,0.171
knucleotide,rust,3,2500000,1661,3.111,27504,0,75% 74% 21% 35%,1.633
knucleotide,rust,3,25000000,1661,24.408,137472,0,90% 26% 100% 35%,9.810
knucleotide,fsharpcore,5,250000,1959,0.932,43792,0,49% 33% 28% 63%,0.598
knucleotide,fsharpcore,5,2500000,1959,4.142,88332,0,69% 64% 58% 86%,1.637
knucleotide,fsharpcore,5,25000000,1959,38.110,195944,0,95% 92% 92% 86%,10.440
knucleotide,java,6,250000,1607,2.246,46456,0,76% 74% 80% 71%,0.754
knucleotide,java,6,2500000,1607,6.601,112124,0,84% 76% 75% 88%,2.048
knucleotide,java,6,25000000,1607,41.390,381104,0,79% 82% 95% 81%,12.314
knucleotide,mri,1,250000,637,10.386,84312,0,97% 67% 97% 67%,3.182
knucleotide,mri,1,2500000,637,101.294,16968,0,87% 97% 81% 63%,31.047
knucleotide,mri,1,25000000,637,1012.134,126652,0,95% 68% 84% 81%,310.288
knucleotide,yarv,3,250000,540,4.246,44904,0,6% 7% 47% 44%,4.249
knucleotide,yarv,3,2500000,540,39.711,51908,0,6% 6% 47% 45%,39.743
knucleotide,yarv,3,25000000,540,397.908,159688,0,50% 50% 1% 0%,398.194
mandelbrot,yarv,7,1000,973,14.870,9844,0,76% 79% 87% 78%,4.875
mandelbrot,yarv,7,4000,973,152.178,21864,0,92% 91% 92% 93%,41.476
mandelbrot,yarv,7,16000,973,2203.057,45584,0,95% 95% 95% 95%,580.435
mandelbrot,gcc,8,1000,782,0.093,0,0,67% 100% 100% 67%,0.034
mandelbrot,gcc,8,4000,782,1.263,1820,0,87% 90% 100% 84%,0.434
mandelbrot,gcc,8,16000,782,18.955,31100,0,100% 96% 97% 96%,4.894
mandelbrot,python3,2,1000,783,7.101,15436,0,73% 74% 74% 98%,2.229
mandelbrot,python3,2,4000,783,102.019,15628,0,78% 98% 79% 80%,30.466
mandelbrot,python3,2,16000,783,1525.489,15680,0,97% 97% 100% 97%,389.571
mandelbrot,mri,7,1000,973,0.000,0,-2,0% 33% 33% 0%,0.059
mandelbrot,mri,7,4000,973,0.000,0,-2,0% 33% 33% 0%,0.059
mandelbrot,mri,7,16000,973,0.000,0,-2,0% 33% 33% 0%,0.059
mandelbrot,racket,2,1000,585,0.435,25040,0,0% 100% 5% 0%,0.436
mandelbrot,racket,2,4000,585,5.560,24888,0,100% 1% 1% 1%,5.561
mandelbrot,racket,2,16000,585,86.123,25132,0,0% 1% 100% 0%,86.131
mandelbrot,erlang,1,1000,534,8.720,38080,0,96% 96% 98% 96%,2.271
mandelbrot,erlang,1,4000,534,130.288,177144,0,99% 99% 99% 99%,32.974
mandelbrot,erlang,1,16000,534,2042.644,1649380,0,99% 99% 100% 99%,516.359
mandelbrot,gpp,4,1000,1035,0.128,0,0,100% 80% 100% 100%,0.042
mandelbrot,gpp,4,4000,1035,1.902,3592,0,98% 98% 100% 100%,0.575
mandelbrot,gpp,4,16000,1035,28.395,33068,0,100% 100% 100% 100%,7.129
mandelbrot,fpascal,2,1000,846,0.250,0,0,33% 50% 89% 89%,0.098
mandelbrot,fpascal,2,4000,846,3.901,3836,0,92% 36% 36% 99%,1.483
mandelbrot,fpascal,2,16000,846,61.870,33144,0,36% 43% 94% 93%,23.304
mandelbrot,rust,4,1000,1160,0.000,0,-11,%,0.000
mandelbrot,rust,4,4000,1160,0.000,0,-11,%,0.000
mandelbrot,rust,4,16000,1160,0.000,0,-11,%,0.000
mandelbrot,python3,7,1000,688,4.368,15496,0,71% 69% 70% 92%,1.449
mandelbrot,python3,7,4000,688,58.682,15624,0,100% 98% 98% 98%,14.962
mandelbrot,python3,7,16000,688,899.252,15736,0,100% 100% 100% 100%,225.242
mandelbrot,fpascal,5,1000,845,0.240,0,0,86% 100% 83% 100%,0.065
mandelbrot,fpascal,5,4000,845,3.675,1716,0,99% 99% 100% 99%,0.927
mandelbrot,fpascal,5,16000,845,58.403,30016,0,100% 100% 100% 100%,14.617
mandelbrot,gcc,9,1000,694,0.109,0,0,100% 100% 67% 100%,0.032
mandelbrot,gcc,9,4000,694,1.473,2324,0,93% 93% 98% 86%,0.426
mandelbrot,gcc,9,16000,694,22.531,32912,0,96% 96% 96% 100%,5.839
mandelbrot,fsharpcore,3,1000,800,0.320,0,0,35% 94% 31% 29%,0.170
mandelbrot,fsharpcore,3,4000,800,3.211,38540,0,87% 86% 100% 87%,0.901
mandelbrot,fsharpcore,3,16000,800,49.108,68952,0,100% 99% 99% 99%,12.400
mandelbrot,gnat,2,1000,577,0.207,580,0,100% 0% 9% 9%,0.212
mandelbrot,gnat,2,4000,577,3.251,2000,0,0% 100% 1% 0%,3.253
mandelbrot,gnat,2,16000,577,51.732,2068,0,100% 0% 0% 1%,51.741
mandelbrot,hipe,1,1000,534,2.408,29624,0,85% 82% 81% 89%,0.720
mandelbrot,hipe,1,4000,534,32.349,137796,0,95% 95% 97% 97%,8.426
mandelbrot,hipe,1,16000,534,484.084,1635360,0,97% 97% 97% 97%,124.901
mandelbrot,yarv,4,1000,846,6.912,11316,0,0% 49% 49% 2%,6.930
mandelbrot,yarv,4,4000,846,108.065,18176,0,40% 10% 9% 42%,108.104
mandelbrot,yarv,4,16000,846,1735.970,63060,0,8% 43% 42% 9%,1736.386
mandelbrot,fsharpcore,2,1000,1043,0.437,792,0,30% 88% 27% 33%,0.242
mandelbrot,fsharpcore,2,4000,1043,3.659,39456,0,97% 85% 85% 85%,1.052
mandelbrot,fsharpcore,2,16000,1043,54.655,39964,0,99% 99% 99% 99%,13.834
mandelbrot,rust,6,1000,1332,0.000,0,-11,%,0.000
mandelbrot,rust,6,4000,1332,0.000,0,-11,%,0.000
mandelbrot,rust,6,16000,1332,0.000,0,-11,%,0.000
mandelbrot,swift,3,1000,1136,0.065,0,0,75% 50% 100% 100%,0.023
mandelbrot,swift,3,4000,1136,0.852,1284,0,95% 100% 95% 95%,0.226
mandelbrot,swift,3,16000,1136,13.051,39664,0,100% 99% 99% 99%,3.293
mandelbrot,hipe,2,1000,613,2.292,22256,0,86% 83% 88% 93%,0.664
mandelbrot,hipe,2,4000,613,31.722,50636,0,99% 99% 99% 99%,8.036
mandelbrot,hipe,2,16000,613,475.390,749356,0,99% 99% 99% 99%,119.912
mandelbrot,fpascal,3,1000,526,0.227,8,0,0% 0% 4% 100%,0.228
mandelbrot,fpascal,3,4000,526,3.540,8,0,1% 0% 0% 100%,3.543
mandelbrot,fpascal,3,16000,526,56.309,8,0,55% 0% 1% 45%,56.321
mandelbrot,truffle,5,1000,1044,60.167,492492,0,92% 92% 92% 92%,16.434
mandelbrot,truffle,5,4000,1044,0.000,600620,-10,92% 93% 93% 94%,31.729
mandelbrot,truffle,5,16000,1044,0.000,600620,-10,92% 93% 93% 94%,31.729
mandelbrot,yarv,2,1000,925,8.805,70228,0,95% 96% 96% 100%,2.285
mandelbrot,yarv,2,4000,925,129.148,80408,0,100% 100% 100% 99%,32.453
mandelbrot,yarv,2,16000,925,2069.593,145668,0,100% 100% 100% 100%,518.752
mandelbrot,go,2,1000,837,0.202,0,0,83% 100% 100% 100%,0.059
mandelbrot,go,2,4000,837,3.093,2448,0,100% 95% 93% 94%,0.819
mandelbrot,go,2,16000,837,49.412,32964,0,100% 100% 100% 100%,12.391
mandelbrot,csharpcore,3,1000,701,0.286,0,0,33% 33% 33% 94%,0.147
mandelbrot,csharpcore,3,4000,701,2.942,36276,0,99% 89% 87% 86%,0.828
mandelbrot,csharpcore,3,16000,701,45.035,65652,0,100% 99% 99% 99%,11.396
mandelbrot,gpp,1,1000,1791,0.038,0,0,0% 100% 50% 100%,0.014
mandelbrot,gpp,1,4000,1791,0.398,0,0,91% 100% 100% 91%,0.108
mandelbrot,gpp,1,16000,1791,5.989,25704,0,99% 100% 100% 100%,1.511
mandelbrot,yarv,3,1000,307,6.666,9520,0,1% 1% 1% 100%,6.669
mandelbrot,yarv,3,4000,307,106.518,9620,0,0% 72% 28% 1%,106.544
mandelbrot,yarv,3,16000,307,1679.796,9516,0,57% 1% 1% 43%,1680.175
mandelbrot,truffle,3,1000,307,35.621,387444,0,91% 91% 89% 85%,10.033
mandelbrot,truffle,3,4000,307,46.197,467224,0,69% 93% 65% 65%,15.821
mandelbrot,truffle,3,16000,307,122.078,475924,0,40% 28% 31% 41%,88.301
mandelbrot,mri,2,1000,925,64.849,27516,0,100% 100% 100% 100%,16.287
mandelbrot,mri,2,4000,925,1033.511,34040,0,100% 100% 100% 100%,258.776
mandelbrot,mri,2,16000,925,0.000,58044,-1,100% 100% 100% 100%,3606.928
mandelbrot,rust,1,1000,868,0.078,0,0,67% 100% 50% 33%,0.031
mandelbrot,rust,1,4000,868,1.059,1692,0,87% 93% 90% 97%,0.300
mandelbrot,rust,1,16000,868,16.183,40468,0,97% 98% 100% 100%,4.125
mandelbrot,fsharpcore,1,1000,877,0.238,756,0,14% 95% 24% 10%,0.215
mandelbrot,fsharpcore,1,4000,877,1.773,36876,0,81% 77% 78% 98%,0.540
mandelbrot,fsharpcore,1,16000,877,26.198,67124,0,98% 100% 99% 98%,6.655
mandelbrot,sbcl,1,1000,2473,0.132,0,0,80% 60% 60% 75%,0.046
mandelbrot,sbcl,1,4000,2473,1.835,18888,0,70% 88% 75% 98%,0.562
mandelbrot,sbcl,1,16000,2473,28.675,49432,0,84% 100% 83% 99%,7.865
mandelbrot,ifc,3,1000,761,0.000,0,-10,100% 100% 83% 100%,0.057
mandelbrot,ifc,3,4000,761,0.000,0,-10,100% 100% 83% 100%,0.057
mandelbrot,ifc,3,16000,761,0.000,0,-10,100% 100% 83% 100%,0.057
mandelbrot,csharpcore,7,1000,923,0.215,0,0,19% 14% 19% 100%,0.157
mandelbrot,csharpcore,7,4000,923,1.729,35140,0,98% 83% 83% 79%,0.518
mandelbrot,csharpcore,7,16000,923,25.631,64924,0,98% 100% 98% 98%,6.511
mandelbrot,gpp,5,1000,590,0.099,0,0,0% 100% 0% 0%,0.100
mandelbrot,gpp,5,4000,590,1.510,4244,0,1% 99% 3% 0%,1.512
mandelbrot,gpp,5,16000,590,23.829,33544,0,0% 0% 0% 100%,23.836
mandelbrot,gpp,3,1000,414,0.337,608,0,57% 100% 0% 12%,0.338
mandelbrot,gpp,3,4000,414,5.303,1728,0,3% 3% 100% 1%,5.306
mandelbrot,gpp,3,16000,414,83.884,1904,0,1% 100% 0% 0%,83.905
mandelbrot,go,1,1000,823,0.182,0,0,86% 80% 80% 80%,0.056
mandelbrot,go,1,4000,823,2.690,2672,0,96% 96% 97% 100%,0.695
mandelbrot,go,1,16000,823,41.997,32436,0,99% 100% 100% 99%,10.576
mandelbrot,dart,1,1000,920,0.804,53552,0,54% 46% 54% 44%,0.415
mandelbrot,dart,1,4000,920,4.156,72072,0,87% 41% 87% 38%,1.653
mandelbrot,dart,1,16000,920,55.983,97796,0,46% 38% 99% 91%,20.496
mandelbrot,scala,1,1000,724,0.732,1792,0,30% 32% 29% 98%,0.399
mandelbrot,scala,1,4000,724,3.904,44432,0,84% 74% 75% 94%,1.203
mandelbrot,scala,1,16000,724,51.232,75944,0,98% 100% 98% 98%,13.068
mandelbrot,gcc,6,1000,1135,0.046,0,0,50% 100% 100% 100%,0.018
mandelbrot,gcc,6,4000,1135,0.461,0,0,81% 100% 94% 81%,0.163
mandelbrot,gcc,6,16000,1135,6.526,29424,0,99% 100% 100% 100%,1.643
mandelbrot,truffle,2,1000,954,44.647,311528,0,91% 91% 89% 91%,12.423
mandelbrot,truffle,2,4000,954,88.220,443712,0,95% 94% 94% 93%,23.608
mandelbrot,truffle,2,16000,954,220.175,573872,0,97% 96% 96% 96%,57.288
mandelbrot,jruby,7,1000,973,30.968,774300,0,88% 92% 88% 90%,8.701
mandelbrot,jruby,7,4000,973,216.487,780448,0,97% 96% 96% 96%,56.346
mandelbrot,jruby,7,16000,973,3175.339,838956,0,98% 98% 98% 97%,816.483
mandelbrot,csharpcore,6,1000,755,0.217,0,0,100% 21% 23% 15%,0.133
mandelbrot,csharpcore,6,4000,755,1.792,34600,0,98% 81% 79% 83%,0.529
mandelbrot,csharpcore,6,16000,755,26.829,65088,0,98% 99% 100% 99%,6.794
mandelbrot,go,4,1000,905,0.091,0,0,67% 100% 67% 67%,0.026
mandelbrot,go,4,4000,905,1.381,1476,0,100% 100% 97% 97%,0.355
mandelbrot,go,4,16000,905,21.790,30912,0,99% 99% 99% 100%,5.484
mandelbrot,lua,1,1000,359,2.318,1444,0,0% 1% 0% 100%,2.320
mandelbrot,lua,1,4000,359,36.362,2764,0,100% 0% 0% 0%,36.370
mandelbrot,lua,1,16000,359,599.825,2856,0,0% 89% 12% 0%,599.946
mandelbrot,gpp,7,1000,1017,0.104,0,0,100% 67% 100% 100%,0.030
mandelbrot,gpp,7,4000,1017,1.542,832,0,100% 98% 100% 97%,0.397
mandelbrot,gpp,7,16000,1017,24.235,34264,0,100% 100% 100% 100%,6.093
mandelbrot,lua,6,1000,623,2.912,6824,0,96% 80% 99% 78%,0.826
mandelbrot,lua,6,4000,623,46.905,7604,0,86% 91% 87% 97%,13.030
mandelbrot,lua,6,16000,623,779.677,22652,0,100% 72% 74% 67%,250.097
mandelbrot,ifc,7,1000,709,0.000,0,-10,100% 67% 67% 67%,0.028
mandelbrot,ifc,7,4000,709,0.000,0,-10,100% 67% 67% 67%,0.028
mandelbrot,ifc,7,16000,709,0.000,0,-10,100% 67% 67% 67%,0.028
mandelbrot,jruby,4,1000,846,30.687,776208,0,90% 94% 86% 87%,8.647
mandelbrot,jruby,4,4000,846,222.833,778360,0,97% 97% 96% 97%,57.787
mandelbrot,jruby,4,16000,846,3328.670,837464,0,98% 98% 98% 98%,849.335
mandelbrot,ifc,1,1000,499,0.000,1408,-10,0% 100% 0% 4%,0.240
mandelbrot,ifc,1,4000,499,0.000,1408,-10,0% 100% 0% 4%,0.240
mandelbrot,ifc,1,16000,499,0.000,1408,-10,0% 100% 0% 4%,0.240
mandelbrot,ifc,6,1000,661,0.116,0,0,100% 100% 100% 100%,0.033
mandelbrot,ifc,6,4000,661,1.597,2444,0,100% 100% 100% 100%,0.407
mandelbrot,ifc,6,16000,661,20.764,59724,0,79% 80% 79% 100%,6.155
mandelbrot,hack,1,1000,449,0.963,86152,0,2% 0% 1% 98%,0.989
mandelbrot,hack,1,4000,449,11.248,86328,0,0% 2% 100% 0%,11.276
mandelbrot,hack,1,16000,449,176.029,86192,0,8% 1% 1% 92%,176.188
mandelbrot,node,1,1000,748,1.549,253680,0,71% 94% 71% 72%,0.511
mandelbrot,node,1,4000,748,5.229,307540,0,95% 78% 91% 73%,1.559
mandelbrot,node,1,16000,748,64.325,620584,0,99% 98% 82% 82%,17.883
mandelbrot,gcc,1,1000,822,0.108,0,0,75% 100% 100% 100%,0.030
mandelbrot,gcc,1,4000,822,1.665,856,0,98% 100% 100% 100%,0.478
mandelbrot,gcc,1,16000,822,25.581,27892,0,100% 100% 100% 100%,6.418
mandelbrot,perl,1,1000,586,11.181,8936,0,99% 99% 99% 100%,2.823
mandelbrot,perl,1,4000,586,183.443,11364,0,100% 100% 100% 100%,45.922
mandelbrot,perl,1,16000,586,2912.267,42964,0,100% 100% 100% 100%,729.088
mandelbrot,mri,6,1000,918,68.056,12872,0,98% 98% 99% 98%,17.436
mandelbrot,mri,6,4000,918,1023.091,34392,0,100% 100% 100% 100%,256.873
mandelbrot,mri,6,16000,918,19855.922,262592,0,98% 98% 98% 98%,5078.514
mandelbrot,mri,5,1000,1023,0.000,0,-2,20% 0% 0% 33%,0.042
mandelbrot,mri,5,4000,1023,0.000,0,-2,20% 0% 0% 33%,0.042
mandelbrot,mri,5,16000,1023,0.000,0,-2,20% 0% 0% 33%,0.042
mandelbrot,mri,4,1000,846,57.805,7380,0,100% 6% 5% 0%,57.819
mandelbrot,mri,4,4000,846,0.000,17768,-1,90% 31% 25% 10%,121.079
mandelbrot,mri,4,16000,846,0.000,17768,-1,90% 31% 25% 10%,121.079
mandelbrot,java,4,1000,660,0.640,1032,0,39% 53% 52% 63%,0.331
mandelbrot,java,4,4000,660,1.887,35240,0,68% 66% 72% 68%,0.705
mandelbrot,java,4,16000,660,22.501,66784,0,80% 97% 52% 81%,7.323
mandelbrot,racket,1,1000,517,0.550,24616,0,0% 100% 4% 0%,0.552
mandelbrot,racket,1,4000,517,7.492,24560,0,1% 0% 0% 100%,7.494
mandelbrot,racket,1,16000,517,118.147,26836,0,54% 31% 18% 0%,118.151
mandelbrot,lua,2,1000,367,2.823,1576,0,0% 100% 1% 0%,2.826
mandelbrot,lua,2,4000,367,45.295,1412,0,0% 100% 1% 0%,45.305
mandelbrot,lua,2,16000,367,720.436,1576,0,49% 1% 1% 51%,720.586
mandelbrot,typescript,1,1000,396,1.639,53908,0,70% 3% 4% 33%,1.500
mandelbrot,typescript,1,4000,396,15.786,358804,0,40% 35% 29% 28%,11.996
mandelbrot,typescript,1,16000,396,0.000,1723544,-2,44% 48% 44% 48%,123.265
mandelbrot,gcc,3,1000,763,0.099,0,0,100% 100% 100% 100%,0.034
mandelbrot,gcc,3,4000,763,1.572,3180,0,98% 98% 100% 98%,0.486
mandelbrot,gcc,3,16000,763,23.465,32516,0,100% 99% 100% 100%,5.902
mandelbrot,racket,3,1000,802,0.379,2928,0,0% 5% 100% 0%,0.381
mandelbrot,racket,3,4000,802,4.786,26012,0,0% 100% 1% 0%,4.787
mandelbrot,racket,3,16000,802,73.572,26064,0,0% 0% 0% 100%,73.570
mandelbrot,gcc,4,1000,799,0.128,0,0,75% 75% 67% 100%,0.039
mandelbrot,gcc,4,4000,799,1.522,2744,0,74% 98% 85% 72%,0.526
mandelbrot,gcc,4,16000,799,23.431,32728,0,99% 99% 99% 100%,5.906
mandelbrot,go,6,1000,700,0.206,0,0,100% 100% 100% 100%,0.057
mandelbrot,go,6,4000,700,3.186,2376,0,99% 99% 99% 99%,0.811
mandelbrot,go,6,16000,700,50.744,30864,0,100% 100% 100% 100%,12.720
mandelbrot,java,2,1000,796,0.516,2208,0,57% 63% 60% 26%,0.250
mandelbrot,java,2,4000,796,2.164,32596,0,82% 81% 80% 84%,0.679
mandelbrot,java,2,16000,796,23.594,76520,0,97% 98% 98% 96%,6.099
mandelbrot,csharpcore,2,1000,484,0.628,36040,0,100% 0% 0% 3%,0.630
mandelbrot,csharpcore,2,4000,484,8.617,58448,0,61% 1% 1% 39%,8.618
mandelbrot,csharpcore,2,16000,484,136.717,62236,0,0% 52% 49% 0%,136.673
mandelbrot,php,3,1000,875,1.933,27788,0,96% 96% 98% 96%,0.505
mandelbrot,php,3,4000,875,29.899,57036,0,100% 99% 100% 99%,7.518
mandelbrot,php,3,16000,875,471.565,137452,0,100% 100% 100% 100%,118.071
mandelbrot,ifc,5,1000,520,0.240,1408,0,4% 4% 100% 0%,0.241
mandelbrot,ifc,5,4000,520,3.797,3936,0,1% 0% 1% 100%,3.799
mandelbrot,ifc,5,16000,520,60.295,34036,0,0% 52% 49% 0%,60.310
mandelbrot,gnat,3,1000,1819,0.112,0,0,50% 60% 40% 60%,0.055
mandelbrot,gnat,3,4000,1819,1.421,956,0,90% 92% 95% 90%,0.391
mandelbrot,gnat,3,16000,1819,22.167,32376,0,100% 100% 98% 99%,5.589
mandelbrot,ghc,2,1000,782,0.198,0,0,83% 83% 86% 71%,0.065
mandelbrot,ghc,2,4000,782,2.937,6792,0,99% 97% 97% 97%,0.756
mandelbrot,ghc,2,16000,782,46.533,38588,0,100% 100% 100% 100%,11.657
mandelbrot,truffle,7,1000,973,0.000,254200,-2,89% 84% 84% 87%,5.034
mandelbrot,truffle,7,4000,973,0.000,254200,-2,89% 84% 84% 87%,5.034
mandelbrot,truffle,7,16000,973,0.000,254200,-2,89% 84% 84% 87%,5.034
mandelbrot,hack,2,1000,467,2.986,85780,0,100% 1% 1% 1%,3.004
mandelbrot,hack,2,4000,467,43.664,85872,0,100% 2% 1% 1%,43.707
mandelbrot,hack,2,16000,467,694.367,86044,0,0% 2% 5% 96%,694.656
mandelbrot,gpp,2,1000,692,0.119,0,0,36% 18% 0% 100%,0.120
mandelbrot,gpp,2,4000,692,1.850,4648,0,6% 11% 100% 2%,1.852
mandelbrot,gpp,2,16000,692,29.010,34084,0,4% 5% 3% 100%,29.018
mandelbrot,chapel,2,1000,620,0.130,0,0,83% 80% 60% 40%,0.050
mandelbrot,chapel,2,4000,620,1.429,768,0,97% 95% 92% 89%,0.385
mandelbrot,chapel,2,16000,620,21.661,35756,0,100% 99% 99% 99%,5.470
mandelbrot,php,1,1000,449,1.880,9216,0,100% 0% 1% 1%,1.881
mandelbrot,php,1,4000,449,29.924,9176,0,0% 97% 4% 0%,29.932
mandelbrot,php,1,16000,449,467.105,8964,0,2% 0% 0% 98%,467.208
mandelbrot,ocaml,1,1000,710,0.000,0,-11,%,0.000
mandelbrot,ocaml,1,4000,710,0.000,0,-11,%,0.000
mandelbrot,ocaml,1,16000,710,0.000,0,-11,%,0.000
mandelbrot,mri,3,1000,307,54.918,3360,0,100% 1% 0% 0%,54.933
mandelbrot,mri,3,4000,307,882.943,3344,0,0% 0% 100% 1%,883.201
mandelbrot,mri,3,16000,307,14173.744,3432,0,41% 21% 24% 16%,14177.360
mandelbrot,chapel,1,1000,455,0.210,0,0,71% 71% 86% 63%,0.071
mandelbrot,chapel,1,4000,455,3.036,6528,0,100% 95% 96% 97%,0.788
mandelbrot,chapel,1,16000,455,47.764,35576,0,100% 99% 99% 100%,11.994
mandelbrot,fsharpcore,4,1000,886,0.257,0,0,20% 94% 25% 20%,0.160
mandelbrot,fsharpcore,4,4000,886,2.180,37380,0,82% 95% 88% 81%,0.646
mandelbrot,fsharpcore,4,16000,886,32.772,66916,0,100% 99% 99% 99%,8.304
mandelbrot,vw,1,1000,627,2.500,54780,0,41% 16% 16% 100%,2.507
mandelbrot,vw,1,4000,627,36.768,54460,0,27% 11% 99% 7%,36.792
mandelbrot,vw,1,16000,627,583.692,54500,0,39% 62% 27% 17%,584.035
mandelbrot,java,1,1000,665,0.462,1012,0,20% 82% 22% 15%,0.352
mandelbrot,java,1,4000,665,3.051,32484,0,3% 97% 2% 4%,2.953
mandelbrot,java,1,16000,665,44.449,33180,0,22% 1% 0% 79%,44.343
mandelbrot,rust,3,1000,1007,0.049,0,0,100% 100% 100% 50%,0.016
mandelbrot,rust,3,4000,1007,0.518,0,0,93% 100% 93% 100%,0.136
mandelbrot,rust,3,16000,1007,7.510,13712,0,100% 99% 100% 99%,1.894
mandelbrot,gcc,7,1000,994,0.112,0,0,100% 100% 100% 100%,0.031
mandelbrot,gcc,7,4000,994,1.539,2024,0,100% 98% 98% 100%,0.400
mandelbrot,gcc,7,16000,994,24.238,33060,0,100% 100% 100% 100%,6.096
mandelbrot,ocaml,6,1000,444,0.221,1712,0,0% 100% 4% 0%,0.222
mandelbrot,ocaml,6,4000,444,3.468,2724,0,0% 41% 60% 0%,3.470
mandelbrot,ocaml,6,16000,444,55.171,2900,0,0% 1% 0% 100%,55.182
mandelbrot,yarv,5,1000,1023,6.709,40484,0,98% 94% 94% 93%,1.782
mandelbrot,yarv,5,4000,1023,0.000,42556,-10,100% 100% 100% 100%,26.568
mandelbrot,yarv,5,16000,1023,0.000,42556,-10,100% 100% 100% 100%,26.568
mandelbrot,ifc,4,1000,618,0.309,0,0,100% 89% 75% 100%,0.085
mandelbrot,ifc,4,4000,618,3.595,4416,0,99% 96% 56% 52%,1.191
mandelbrot,ifc,4,16000,618,48.700,62360,0,84% 50% 93% 33%,18.828
mandelbrot,java,6,1000,802,0.540,2040,0,52% 32% 62% 68%,0.264
mandelbrot,java,6,4000,802,2.258,33012,0,87% 76% 81% 79%,0.711
mandelbrot,java,6,16000,802,24.675,76684,0,97% 97% 97% 99%,6.369
mandelbrot,truffle,6,1000,918,0.000,248248,-2,85% 88% 82% 88%,5.393
mandelbrot,truffle,6,4000,918,0.000,248248,-2,85% 88% 82% 88%,5.393
mandelbrot,truffle,6,16000,918,0.000,248248,-2,85% 88% 82% 88%,5.393
mandelbrot,vw,2,1000,940,2.240,86876,0,40% 40% 34% 37%,2.209
mandelbrot,vw,2,4000,940,0.724,86500,0,92% 64% 93% 5%,14.736
mandelbrot,vw,2,16000,940,151.336,118764,0,28% 75% 68% 98%,214.933
mandelbrot,python3,5,1000,458,6.837,15328,0,95% 80% 80% 81%,2.046
mandelbrot,python3,5,4000,458,102.067,15352,0,98% 98% 98% 100%,25.875
mandelbrot,python3,5,16000,458,1615.234,15696,0,100% 100% 100% 100%,404.354
mandelbrot,fpascal,4,1000,774,0.270,0,0,88% 88% 88% 88%,0.071
mandelbrot,fpascal,4,4000,774,4.171,1888,0,99% 99% 99% 100%,1.051
mandelbrot,fpascal,4,16000,774,66.320,30112,0,100% 100% 100% 100%,16.593
mandelbrot,ifc,2,1000,821,0.202,0,0,0% 0% 0% 100%,0.203
mandelbrot,ifc,2,4000,821,3.173,18568,0,100% 0% 0% 0%,3.175
mandelbrot,ifc,2,16000,821,0.000,294056,-10,100% 0% 1% 0%,50.691
mandelbrot,gpp,9,1000,726,0.104,0,0,50% 100% 100% 80%,0.041
mandelbrot,gpp,9,4000,726,1.353,4864,0,71% 98% 61% 68%,0.575
mandelbrot,gpp,9,16000,726,19.952,34380,0,99% 95% 95% 96%,5.179
mandelbrot,gpp,8,1000,742,0.101,0,0,75% 80% 100% 50%,0.039
mandelbrot,gpp,8,4000,742,1.409,4840,0,47% 49% 97% 81%,0.624
mandelbrot,gpp,8,16000,742,21.718,34384,0,96% 41% 37% 100%,8.000
mandelbrot,go,3,1000,894,0.094,0,0,50% 100% 67% 100%,0.032
mandelbrot,go,3,4000,894,1.382,936,0,97% 97% 97% 100%,0.359
mandelbrot,go,3,16000,894,21.763,30372,0,99% 100% 99% 99%,5.486
mandelbrot,swift,1,1000,394,0.200,0,0,5% 0% 0% 95%,0.202
mandelbrot,swift,1,4000,394,3.087,7440,0,100% 3% 0% 0%,3.089
mandelbrot,swift,1,16000,394,49.030,7532,0,100% 1% 0% 0%,49.041
mandelbrot,lua,3,1000,358,3.170,1412,0,3% 0% 0% 100%,3.180
mandelbrot,lua,3,4000,358,36.208,2748,0,100% 1% 0% 1%,36.216
mandelbrot,lua,3,16000,358,583.582,2828,0,0% 97% 4% 0%,583.700
mandelbrot,fpascal,1,1000,846,0.259,0,0,91% 33% 50% 89%,0.102
mandelbrot,fpascal,1,4000,846,3.916,3728,0,44% 92% 36% 93%,1.493
mandelbrot,fpascal,1,16000,846,61.863,33144,0,93% 37% 93% 43%,23.303
mandelbrot,erlang,2,1000,613,8.688,23492,0,95% 96% 96% 98%,2.270
mandelbrot,erlang,2,4000,613,128.916,68600,0,100% 100% 100% 100%,32.380
mandelbrot,erlang,2,16000,613,2022.760,1285708,0,100% 100% 100% 100%,508.261
mandelbrot,csharpcore,1,1000,798,0.290,0,0,36% 29% 33% 100%,0.152
mandelbrot,csharpcore,1,4000,798,2.998,35568,0,87% 98% 88% 87%,0.838
mandelbrot,csharpcore,1,16000,798,45.938,65784,0,100% 99% 99% 99%,11.593
mandelbrot,java,3,1000,903,0.638,916,0,71% 50% 44% 74%,0.278
mandelbrot,java,3,4000,903,3.122,35356,0,84% 99% 87% 82%,0.900
mandelbrot,java,3,16000,903,44.861,78932,0,98% 98% 98% 99%,11.425
mandelbrot,csharpcore,8,1000,794,0.201,0,0,94% 18% 22% 12%,0.176
mandelbrot,csharpcore,8,4000,794,1.560,35340,0,85% 78% 79% 94%,0.475
mandelbrot,csharpcore,8,16000,794,22.932,65344,0,99% 98% 98% 99%,5.830
mandelbrot,racket,4,1000,801,0.417,0,0,44% 42% 85% 44%,0.192
mandelbrot,racket,4,4000,801,4.951,35304,0,84% 90% 86% 79%,1.469
mandelbrot,racket,4,16000,801,74.759,114768,0,95% 95% 96% 96%,19.597
mandelbrot,yarv,6,1000,918,13.445,10064,0,84% 88% 82% 85%,4.032
mandelbrot,yarv,6,4000,918,152.249,12588,0,92% 92% 92% 91%,41.627
mandelbrot,yarv,6,16000,918,2056.531,98652,0,95% 95% 95% 95%,542.141
mandelbrot,jruby,5,1000,1023,128.341,783936,0,97% 97% 97% 96%,33.318
mandelbrot,jruby,5,4000,1023,446.895,799336,0,98% 98% 98% 98%,114.483
mandelbrot,jruby,5,16000,1023,4589.733,1725120,0,98% 98% 98% 98%,1175.655
mandelbrot,jruby,3,1000,307,21.772,784580,0,61% 67% 28% 30%,11.890
mandelbrot,jruby,3,4000,307,182.894,771688,0,30% 52% 10% 17%,170.525
mandelbrot,jruby,3,16000,307,2885.913,789760,0,25% 41% 12% 24%,2862.256
mandelbrot,csharpcore,5,1000,839,0.228,0,0,17% 23% 93% 23%,0.135
mandelbrot,csharpcore,5,4000,839,1.934,32700,0,79% 86% 95% 81%,0.571
mandelbrot,csharpcore,5,16000,839,28.910,62212,0,100% 99% 99% 98%,7.328
mandelbrot,csharpcore,4,1000,672,0.213,0,0,23% 17% 100% 23%,0.129
mandelbrot,csharpcore,4,4000,672,1.792,34576,0,98% 82% 83% 79%,0.532
mandelbrot,csharpcore,4,16000,672,26.672,64264,0,99% 99% 98% 100%,6.757
mandelbrot,hack,3,1000,877,1.357,86552,0,46% 79% 44% 48%,0.643
mandelbrot,hack,3,4000,877,11.076,88700,0,88% 89% 95% 86%,3.110
mandelbrot,hack,3,16000,877,166.871,99020,0,98% 99% 99% 99%,42.446
mandelbrot,gcc,2,1000,400,0.189,0,0,6% 65% 100% 18%,0.191
mandelbrot,gcc,2,4000,400,2.976,752,0,5% 9% 100% 5%,2.978
mandelbrot,gcc,2,16000,400,47.270,896,0,0% 0% 1% 100%,47.281
mandelbrot,truffle,4,1000,846,41.262,404324,0,52% 65% 81% 66%,20.549
mandelbrot,truffle,4,4000,846,62.074,614744,0,91% 91% 93% 91%,17.018
mandelbrot,truffle,4,16000,846,0.000,1163440,-2,97% 97% 97% 97%,3115.697
mandelbrot,sbcl,3,1000,894,0.198,0,0,88% 33% 50% 88%,0.081
mandelbrot,sbcl,3,4000,894,2.864,19852,0,35% 35% 99% 99%,1.076
mandelbrot,sbcl,3,16000,894,45.273,49284,0,100% 99% 35% 36%,16.857
mandelbrot,gpp,6,1000,1002,0.034,0,0,%,0.000
mandelbrot,gpp,6,4000,1002,0.432,0,0,91% 100% 92% 100%,0.118
mandelbrot,gpp,6,16000,1002,6.514,27636,0,100% 99% 100% 99%,1.641
meteor,ghc,5,2098,2953,0.701,6560,0,9% 100% 11% 9%,0.556
meteor,yarv,1,2098,2768,7.422,9732,0,0% 0% 0% 100%,7.427
meteor,gpp,2,2098,4093,0.159,0,0,12% 100% 7% 0%,0.161
meteor,chapel,1,2098,2736,0.242,0,0,90% 63% 71% 67%,0.090
meteor,gpp,6,2098,2620,0.050,0,0,%,0.000
meteor,ghc,1,2098,2215,0.908,5704,0,10% 10% 99% 11%,0.766
meteor,rust,1,2098,2238,0.139,0,0,67% 67% 80% 57%,0.061
meteor,gpp,5,2098,5058,0.078,0,0,0% 0% 0% 100%,0.080
meteor,java,2,2098,5180,0.641,2240,0,21% 69% 50% 52%,0.335
meteor,perl,1,2098,1547,46.721,6984,0,0% 0% 1% 100%,46.739
meteor,ghc,4,2098,818,1.742,6816,0,99% 6% 7% 5%,1.486
meteor,gnat,1,2098,7434,0.000,0,-11,%,0.000
meteor,racket,1,2098,1907,0.609,24880,0,100% 0% 0% 3%,0.611
meteor,truffle,1,2098,2768,110.910,742760,0,89% 90% 91% 88%,31.059
meteor,gpp,1,2098,4348,0.135,0,0,100% 7% 14% 8%,0.136
meteor,ghc,2,2098,1914,0.707,6100,0,10% 98% 12% 9%,0.576
meteor,mri,1,2098,2768,33.795,5908,0,0% 0% 100% 0%,33.810
meteor,jruby,2,2098,2786,30.780,780992,0,65% 71% 40% 42%,14.251
meteor,java,1,2098,4408,1.161,39452,0,12% 7% 33% 96%,0.802
meteor,ocaml,1,2098,2156,0.000,0,-11,%,0.000
meteor,gpp,4,2098,5336,0.069,0,0,14% 100% 0% 14%,0.070
meteor,lua,5,2098,1558,2.074,5348,0,100% 0% 0% 1%,2.076
meteor,fpascal,3,2098,5517,0.081,0,0,0% 100% 0% 0%,0.083
meteor,chapel,2,2098,2603,0.083,0,0,75% 50% 33% 50%,0.040
meteor,lua,6,2098,1655,1.007,4824,0,1% 100% 3% 0%,1.010
meteor,python3,3,2098,1220,9.815,11984,0,100% 1% 0% 0%,9.819
meteor,yarv,2,2098,2786,4.636,9648,0,100% 1% 0% 0%,4.639
meteor,rust,2,2098,3848,0.088,0,0,67% 100% 100% 75%,0.034
meteor,ghc,3,2098,1826,0.621,5912,0,96% 16% 12% 13%,0.496
meteor,jruby,1,2098,2768,32.174,840376,0,74% 39% 37% 54%,15.985
meteor,perl,2,2098,1512,18.986,6880,0,35% 0% 1% 65%,18.992
meteor,go,1,2098,2995,0.131,0,0,0% 0% 100% 7%,0.133
meteor,vw,1,2098,5373,0.676,56684,0,6% 1% 3% 99%,0.680
meteor,python3,2,2098,1330,7.643,10212,0,1% 2% 0% 100%,7.647
meteor,mri,2,2098,2786,23.877,5584,0,1% 100% 0% 0%,23.887
meteor,gcc,1,2098,3073,0.083,0,0,0% 22% 100% 0%,0.084
meteor,python3,1,2098,1447,10.202,10220,0,0% 100% 1% 0%,10.206
meteor,gpp,3,2098,4871,0.080,0,0,89% 38% 0% 11%,0.082
meteor,truffle,2,2098,2786,103.889,744788,0,87% 91% 80% 93%,29.810
nbody,truffle,2,500000,1137,24.095,284856,0,90% 86% 88% 82%,7.002
nbody,truffle,2,5000000,1137,26.907,288264,0,59% 71% 83% 59%,9.961
nbody,truffle,2,50000000,1137,58.106,336436,0,15% 14% 13% 96%,42.018
nbody,java,4,500000,1489,0.490,2152,0,64% 29% 34% 0%,0.401
nbody,java,4,5000000,1489,2.517,32872,0,2% 97% 4% 2%,2.419
nbody,java,4,50000000,1489,22.272,33040,0,100% 1% 0% 1%,22.174
nbody,racket,1,500000,1496,1.171,24796,0,36% 0% 0% 68%,1.172
nbody,racket,1,5000000,1496,11.359,26148,0,0% 2% 100% 0%,11.364
nbody,racket,1,50000000,1496,108.495,26300,0,0% 1% 100% 0%,108.533
nbody,swift,5,500000,1253,0.227,1596,0,4% 100% 0% 0%,0.229
nbody,swift,5,5000000,1253,2.222,7404,0,1% 100% 0% 0%,2.225
nbody,swift,5,50000000,1253,22.172,7632,0,0% 1% 81% 19%,22.178
nbody,gpp,1,500000,1659,0.202,1064,0,24% 37% 95% 5%,0.216
nbody,gpp,1,5000000,1659,1.969,1088,0,11% 8% 100% 2%,1.971
nbody,gpp,1,50000000,1659,19.639,1144,0,1% 100% 0% 0%,19.644
nbody,python3,2,500000,1242,9.070,10180,0,100% 1% 0% 0%,9.074
nbody,python3,2,5000000,1242,85.914,10232,0,0% 1% 100% 0%,85.938
nbody,python3,2,50000000,1242,893.762,10384,0,19% 27% 55% 0%,893.976
nbody,gcc,2,500000,1263,0.221,1124,0,5% 5% 23% 100%,0.222
nbody,gcc,2,5000000,1263,2.177,1056,0,14% 100% 1% 10%,2.178
nbody,gcc,2,50000000,1263,21.691,1160,0,0% 1% 100% 0%,21.697
nbody,fpascal,1,500000,1325,0.229,8,0,96% 0% 0% 4%,0.231
nbody,fpascal,1,5000000,1325,2.236,8,0,0% 100% 2% 0%,2.238
nbody,fpascal,1,50000000,1325,22.344,8,0,0% 0% 0% 100%,22.349
nbody,gpp,5,500000,1749,0.134,0,0,29% 71% 0% 7%,0.136
nbody,gpp,5,5000000,1749,1.246,1768,0,1% 2% 12% 100%,1.248
nbody,gpp,5,50000000,1749,12.418,1800,0,0% 1% 0% 100%,12.421
nbody,lua,2,500000,1193,4.151,1524,0,0% 100% 1% 0%,4.153
nbody,lua,2,5000000,1193,40.103,1412,0,0% 0% 0% 100%,40.112
nbody,lua,2,50000000,1193,426.676,1412,0,0% 100% 1% 0%,426.754
nbody,vw,1,500000,1805,2.124,54920,0,100% 0% 1% 1%,2.129
nbody,vw,1,5000000,1805,19.632,56064,0,1% 100% 1% 2%,19.646
nbody,vw,1,50000000,1805,194.292,56384,0,100% 0% 0% 1%,194.343
nbody,hipe,3,500000,1399,1.968,20888,0,2% 99% 2% 2%,1.929
nbody,hipe,3,5000000,1399,18.980,20760,0,0% 1% 99% 1%,18.949
nbody,hipe,3,50000000,1399,187.504,21696,0,45% 56% 0% 0%,187.498
nbody,go,2,500000,1215,0.229,944,0,4% 0% 100% 0%,0.230
nbody,go,2,5000000,1215,2.252,1528,0,100% 1% 0% 1%,2.253
nbody,go,2,50000000,1215,22.461,1536,0,1% 0% 0% 100%,22.458
nbody,rust,3,500000,1540,0.206,1644,0,9% 95% 0% 0%,0.214
nbody,rust,3,5000000,1540,2.036,1648,0,0% 0% 1% 100%,2.039
nbody,rust,3,50000000,1540,20.337,1772,0,100% 1% 0% 2%,20.342
nbody,gpp,6,500000,1668,0.207,1084,0,95% 0% 0% 5%,0.212
nbody,gpp,6,5000000,1668,2.110,1092,0,1% 1% 100% 2%,2.112
nbody,gpp,6,50000000,1668,20.484,1164,0,100% 1% 0% 0%,20.489
nbody,gpp,7,500000,1545,0.103,0,0,0% 0% 100% 0%,0.104
nbody,gpp,7,5000000,1545,0.955,1024,0,4% 8% 100% 2%,0.957
nbody,gpp,7,50000000,1545,9.492,1112,0,0% 0% 0% 100%,9.495
nbody,rust,4,500000,1803,0.191,0,0,95% 0% 0% 0%,0.192
nbody,rust,4,5000000,1803,1.830,1752,0,100% 2% 0% 0%,1.832
nbody,rust,4,50000000,1803,18.272,1712,0,0% 1% 100% 0%,18.277
nbody,kotlin,2,500000,1390,0.505,2096,0,8% 36% 79% 10%,0.413
nbody,kotlin,2,5000000,1390,2.511,32536,0,96% 5% 2% 5%,2.413
nbody,kotlin,2,50000000,1390,22.644,32788,0,0% 1% 1% 100%,22.549
nbody,fsharpcore,2,500000,1381,0.409,788,0,0% 100% 17% 2%,0.410
nbody,fsharpcore,2,5000000,1381,2.449,38180,0,0% 1% 100% 1%,2.452
nbody,fsharpcore,2,50000000,1381,22.856,38500,0,100% 0% 1% 1%,22.861
nbody,java,2,500000,1424,0.494,2060,0,35% 15% 10% 70%,0.398
nbody,java,2,5000000,1424,2.499,32704,0,96% 3% 2% 4%,2.399
nbody,java,2,50000000,1424,22.476,33084,0,100% 1% 0% 1%,22.378
nbody,swift,6,500000,1194,0.249,1012,0,0% 0% 100% 8%,0.251
nbody,swift,6,5000000,1194,2.430,7516,0,100% 2% 3% 0%,2.432
nbody,swift,6,50000000,1194,24.235,7592,0,100% 1% 1% 0%,24.240
nbody,csharpcore,5,500000,1534,0.316,764,0,0% 97% 6% 0%,0.318
nbody,csharpcore,5,5000000,1534,2.258,33596,0,1% 1% 100% 0%,2.260
nbody,csharpcore,5,50000000,1534,21.728,33768,0,1% 1% 0% 100%,21.733
nbody,yarv,2,500000,1137,6.431,8608,0,11% 90% 0% 0%,6.434
nbody,yarv,2,5000000,1137,62.687,8804,0,84% 16% 0% 0%,62.703
nbody,yarv,2,50000000,1137,641.262,8848,0,8% 93% 0% 0%,641.410
nbody,typescript,2,500000,1453,1.313,33740,0,2% 2% 100% 2%,1.284
nbody,typescript,2,5000000,1453,12.161,38880,0,15% 1% 1% 86%,11.980
nbody,typescript,2,50000000,1453,123.546,45056,0,33% 6% 3% 63%,121.046
nbody,rust,2,500000,1805,0.140,0,0,8% 0% 29% 100%,0.142
nbody,rust,2,5000000,1805,1.339,1648,0,1% 11% 28% 100%,1.341
nbody,rust,2,50000000,1805,13.347,1704,0,100% 1% 0% 0%,13.351
nbody,dart,2,500000,1278,0.536,46344,0,84% 10% 12% 0%,0.505
nbody,dart,2,5000000,1278,3.510,46176,0,97% 2% 3% 1%,3.468
nbody,dart,2,50000000,1278,33.266,46572,0,0% 0% 1% 100%,33.087
nbody,gnat,5,500000,2447,0.175,0,0,6% 100% 0% 0%,0.176
nbody,gnat,5,5000000,2447,1.706,2048,0,2% 1% 1% 100%,1.708
nbody,gnat,5,50000000,2447,17.015,2128,0,100% 0% 0% 1%,17.019
nbody,gcc,4,500000,1490,0.097,0,0,100% 38% 0% 0%,0.098
nbody,gcc,4,5000000,1490,0.927,1140,0,99% 14% 7% 1%,0.929
nbody,gcc,4,50000000,1490,9.117,1176,0,1% 100% 2% 2%,9.121
nbody,rust,1,500000,1480,0.151,0,0,0% 0% 100% 0%,0.153
nbody,rust,1,5000000,1480,1.331,1648,0,0% 0% 100% 3%,1.333
nbody,rust,1,50000000,1480,13.230,1704,0,1% 1% 1% 100%,13.235
nbody,csharpcore,8,500000,1343,0.313,792,0,3% 0% 3% 97%,0.315
nbody,csharpcore,8,5000000,1343,2.290,33864,0,2% 1% 0% 99%,2.291
nbody,csharpcore,8,50000000,1343,21.862,34084,0,1% 1% 1% 100%,21.867
nbody,swift,7,500000,1445,0.256,1804,0,0% 4% 4% 100%,0.258
nbody,swift,7,5000000,1445,2.413,15296,0,2% 1% 100% 0%,2.415
nbody,swift,7,50000000,1445,23.975,15680,0,90% 9% 14% 26%,23.984
nbody,jruby,2,500000,1137,17.678,789508,0,45% 85% 48% 38%,8.230
nbody,jruby,2,5000000,1137,53.701,803292,0,27% 57% 20% 19%,43.976
nbody,jruby,2,50000000,1137,421.310,804512,0,24% 43% 12% 26%,407.013
nbody,gpp,3,500000,1763,0.091,0,0,0% 0% 0% 100%,0.092
nbody,gpp,3,5000000,1763,0.832,1788,0,6% 5% 1% 100%,0.834
nbody,gpp,3,50000000,1763,8.230,1856,0,100% 1% 1% 0%,8.233
nbody,hack,3,500000,1080,16.988,87008,0,1% 85% 16% 1%,17.028
nbody,hack,3,5000000,1080,166.990,86916,0,1% 2% 1% 100%,167.042
nbody,hack,3,50000000,1080,1669.358,87344,0,2% 26% 7% 67%,1669.740
nbody,swift,8,500000,1346,0.254,1148,0,0% 0% 100% 4%,0.256
nbody,swift,8,5000000,1346,2.391,15348,0,100% 1% 0% 0%,2.394
nbody,swift,8,50000000,1346,23.763,15632,0,0% 1% 100% 0%,23.770
nbody,fpascal,2,500000,1339,0.232,8,0,100% 0% 0% 0%,0.233
nbody,fpascal,2,5000000,1339,2.277,8,0,0% 0% 100% 0%,2.279
nbody,fpascal,2,50000000,1339,22.739,8,0,100% 1% 0% 0%,22.744
nbody,erlang,3,500000,1399,3.596,20184,0,1% 1% 19% 82%,3.560
nbody,erlang,3,5000000,1399,37.568,21948,0,1% 1% 4% 97%,37.536
nbody,erlang,3,50000000,1399,377.056,24140,0,1% 100% 0% 1%,377.148
nbody,sbcl,1,500000,1368,0.434,17668,0,0% 2% 100% 0%,0.436
nbody,sbcl,1,5000000,1368,4.265,17668,0,0% 26% 75% 0%,4.268
nbody,sbcl,1,50000000,1368,42.524,17668,0,0% 83% 19% 0%,42.533
nbody,ghc,1,500000,1706,0.262,720,0,96% 0% 7% 0%,0.266
nbody,ghc,1,5000000,1706,9.072,3992,0,88% 87% 83% 99%,2.546
nbody,ghc,1,50000000,1706,100.240,4120,0,99% 98% 100% 99%,25.335
nbody,gnat,3,500000,1750,0.242,584,0,0% 100% 8% 0%,0.243
nbody,gnat,3,5000000,1750,2.359,2024,0,100% 0% 0% 2%,2.361
nbody,gnat,3,50000000,1750,23.558,2208,0,100% 0% 1% 0%,23.564
nbody,mri,2,500000,1137,43.635,3744,0,100% 1% 0% 0%,43.649
nbody,mri,2,5000000,1137,437.067,3700,0,19% 5% 48% 30%,437.205
nbody,mri,2,50000000,1137,4438.511,3856,0,0% 0% 99% 1%,4439.825
nbody,swift,3,500000,1204,2.043,7172,0,0% 1% 100% 0%,2.046
nbody,swift,3,5000000,1204,20.815,7552,0,0% 1% 0% 100%,20.821
nbody,swift,3,50000000,1204,203.561,7488,0,12% 88% 0% 0%,203.611
nbody,ifc,1,500000,1393,0.198,0,0,100% 5% 0% 5%,0.200
nbody,ifc,1,5000000,1393,1.962,8,0,99% 1% 1% 0%,1.964
nbody,ifc,1,50000000,1393,19.606,8,0,100% 0% 1% 0%,19.610
nbody,fpascal,3,500000,1435,0.251,8,0,0% 100% 4% 0%,0.252
nbody,fpascal,3,5000000,1435,2.493,8,0,0% 100% 0% 0%,2.495
nbody,fpascal,3,50000000,1435,24.910,8,0,0% 0% 0% 100%,24.915
nbody,perl,2,500000,1429,9.750,5296,0,100% 1% 0% 0%,9.753
nbody,perl,2,5000000,1429,72.310,5368,0,0% 1% 0% 100%,72.327
nbody,perl,2,50000000,1429,710.514,5244,0,0% 1% 0% 100%,710.661
nbody,ocaml,1,500000,1251,0.223,1640,0,96% 5% 5% 5%,0.224
nbody,ocaml,1,5000000,1251,2.173,1500,0,0% 1% 100% 0%,2.175
nbody,ocaml,1,50000000,1251,21.669,1588,0,61% 1% 0% 39%,21.674
nbody,java,5,500000,1429,0.505,33080,0,5% 34% 71% 14%,0.415
nbody,java,5,5000000,1429,2.503,32960,0,98% 1% 2% 3%,2.410
nbody,java,5,50000000,1429,22.605,32892,0,1% 0% 0% 100%,22.512
nbody,ifc,5,500000,1664,0.093,0,0,0% 0% 0% 91%,0.094
nbody,ifc,5,5000000,1664,0.911,8,0,3% 1% 1% 100%,0.913
nbody,ifc,5,50000000,1664,9.091,8,0,100% 0% 1% 0%,9.094
nbody,java,3,500000,1430,0.507,2040,0,28% 10% 17% 76%,0.404
nbody,java,3,5000000,1430,2.758,32132,0,2% 5% 97% 2%,2.658
nbody,java,3,50000000,1430,22.880,33160,0,100% 1% 1% 1%,22.779
nbody,typescript,3,500000,1348,0.402,952,0,100% 3% 0% 5%,0.395
nbody,typescript,3,5000000,1348,2.843,32440,0,1% 1% 1% 100%,2.837
nbody,typescript,3,50000000,1348,27.224,32840,0,100% 1% 0% 0%,27.224
nbody,swift,4,500000,1357,0.235,1776,0,0% 0% 96% 8%,0.237
nbody,swift,4,5000000,1357,2.199,15360,0,100% 1% 0% 0%,2.202
nbody,swift,4,50000000,1357,21.920,15648,0,100% 1% 0% 0%,21.926
nbody,python3,1,500000,1196,8.516,10356,0,0% 100% 2% 0%,8.520
nbody,python3,1,5000000,1196,88.596,10400,0,0% 1% 0% 100%,88.615
nbody,python3,1,50000000,1196,838.202,10324,0,95% 1% 5% 0%,838.391
nbody,fsharpcore,1,500000,1267,0.435,39940,0,7% 0% 0% 100%,0.436
nbody,fsharpcore,1,5000000,1267,2.721,62216,0,0% 3% 100% 0%,2.715
nbody,fsharpcore,1,50000000,1267,25.599,68572,0,48% 4% 9% 41%,25.514
nbody,csharpcore,1,500000,1403,0.320,768,0,0% 3% 100% 0%,0.322
nbody,csharpcore,1,5000000,1403,2.299,33468,0,100% 0% 0% 1%,2.301
nbody,csharpcore,1,50000000,1403,22.120,33772,0,100% 0% 1% 0%,22.125
nbody,typescript,1,500000,1462,1.293,33740,0,1% 2% 2% 100%,1.268
nbody,typescript,1,5000000,1462,11.419,34872,0,1% 40% 61% 0%,11.276
nbody,typescript,1,50000000,1462,117.738,46436,0,1% 72% 29% 1%,115.448
nbody,node,4,500000,1279,0.441,33124,0,2% 98% 2% 0%,0.438
nbody,node,4,5000000,1279,3.285,33588,0,0% 2% 100% 0%,3.281
nbody,node,4,50000000,1279,31.642,33632,0,100% 1% 1% 0%,31.643
nbody,node,5,500000,1193,0.422,33148,0,100% 2% 0% 2%,0.417
nbody,node,5,5000000,1193,3.035,33672,0,100% 1% 0% 1%,3.031
nbody,node,5,50000000,1193,29.150,33404,0,100% 1% 0% 0%,29.149
nbody,gnat,2,500000,2617,0.091,0,0,10% 0% 90% 0%,0.093
nbody,gnat,2,5000000,2617,0.886,2064,0,0% 3% 100% 2%,0.888
nbody,gnat,2,50000000,2617,8.827,2072,0,1% 0% 0% 100%,8.830
nbody,csharpcore,3,500000,1305,0.312,792,0,3% 0% 0% 100%,0.314
nbody,csharpcore,3,5000000,1305,2.255,33536,0,0% 2% 100% 0%,2.258
nbody,csharpcore,3,50000000,1305,21.693,33824,0,1% 100% 1% 0%,21.698
nbody,gcc,3,500000,1208,0.236,1060,0,100% 9% 8% 27%,0.238
nbody,gcc,3,5000000,1208,2.346,1028,0,1% 3% 100% 0%,2.348
nbody,gcc,3,50000000,1208,23.431,1164,0,0% 0% 1% 100%,23.437
nbody,hack,5,500000,1439,7.062,88348,0,1% 2% 100% 2%,7.164
nbody,hack,5,5000000,1439,66.475,88396,0,100% 1% 1% 0%,66.506
nbody,hack,5,50000000,1439,666.618,88744,0,9% 1% 1% 91%,666.770
nbody,csharpcore,6,500000,1289,0.339,756,0,97% 6% 0% 0%,0.340
nbody,csharpcore,6,5000000,1289,2.540,33648,0,0% 100% 1% 0%,2.542
nbody,csharpcore,6,50000000,1289,24.555,33884,0,100% 0% 1% 0%,24.560
nbody,swift,2,500000,1192,0.335,1004,0,100% 9% 0% 0%,0.337
nbody,swift,2,5000000,1192,3.259,7504,0,1% 1% 2% 100%,3.262
nbody,swift,2,50000000,1192,32.534,7612,0,88% 13% 0% 0%,32.543
nbody,racket,2,500000,1689,0.661,25224,0,2% 100% 2% 0%,0.662
nbody,racket,2,5000000,1689,5.723,25008,0,100% 1% 0% 1%,5.724
nbody,racket,2,50000000,1689,53.890,26192,0,0% 0% 0% 100%,53.893
nbody,gpp,8,500000,1544,0.092,0,0,100% 0% 9% 0%,0.094
nbody,gpp,8,5000000,1544,0.910,1124,0,2% 7% 100% 4%,0.911
nbody,gpp,8,50000000,1544,9.014,1128,0,2% 100% 0% 0%,9.017
nbody,go,3,500000,1200,0.219,1524,0,0% 5% 5% 100%,0.220
nbody,go,3,5000000,1200,2.152,1524,0,0% 100% 1% 1%,2.152
nbody,go,3,50000000,1200,21.470,1536,0,0% 0% 100% 0%,21.470
nbody,ifc,6,500000,1524,0.084,0,0,0% 0% 100% 11%,0.086
nbody,ifc,6,5000000,1524,0.824,8,0,1% 0% 100% 0%,0.826
nbody,ifc,6,50000000,1524,8.209,8,0,0% 100% 1% 0%,8.212
nbody,ifc,2,500000,1500,0.202,0,0,100% 0% 5% 0%,0.203
nbody,ifc,2,5000000,1500,1.973,8,0,0% 1% 100% 1%,1.975
nbody,ifc,2,50000000,1500,19.710,8,0,100% 0% 1% 0%,19.714
nbody,fsharpcore,3,500000,1617,0.347,792,0,97% 0% 3% 3%,0.374
nbody,fsharpcore,3,5000000,1617,2.504,36904,0,59% 42% 1% 0%,2.506
nbody,fsharpcore,3,50000000,1617,24.083,37096,0,28% 73% 0% 1%,24.088
nbody,ifc,3,500000,1305,0.226,8,0,4% 0% 0% 100%,0.228
nbody,ifc,3,5000000,1305,2.246,8,0,0% 100% 2% 0%,2.248
nbody,ifc,3,50000000,1305,22.408,8,0,0% 1% 100% 0%,22.414
nbody,gcc,1,500000,1173,0.207,0,0,100% 33% 22% 10%,0.209
nbody,gcc,1,5000000,1173,2.017,1028,0,2% 11% 14% 100%,2.019
nbody,gcc,1,50000000,1173,20.127,1160,0,0% 1% 100% 0%,20.134
nbody,gcc,6,500000,1180,0.211,1040,0,0% 25% 35% 100%,0.213
nbody,gcc,6,5000000,1180,2.104,1076,0,2% 12% 12% 100%,2.105
nbody,gcc,6,50000000,1180,20.995,1160,0,2% 1% 100% 2%,21.001
nbody,gcc,5,500000,1429,0.205,900,0,5% 95% 15% 14%,0.215
nbody,gcc,5,5000000,1429,2.035,800,0,100% 11% 9% 3%,2.037
nbody,gcc,5,50000000,1429,20.327,816,0,100% 1% 1% 0%,20.332
nbody,chapel,1,500000,962,0.233,744,0,96% 5% 0% 17%,0.224
nbody,chapel,1,5000000,962,2.078,4724,0,100% 1% 1% 0%,2.071
nbody,chapel,1,50000000,962,20.604,4872,0,100% 1% 1% 0%,20.597
nbody,php,3,500000,1082,3.420,9028,0,100% 0% 1% 1%,3.428
nbody,php,3,5000000,1082,33.946,9328,0,12% 0% 1% 89%,33.954
nbody,php,3,50000000,1082,353.773,9220,0,0% 100% 1% 0%,353.842
nbody,node,2,500000,1537,0.528,33132,0,100% 2% 0% 4%,0.522
nbody,node,2,5000000,1537,4.104,33156,0,0% 1% 100% 0%,4.100
nbody,node,2,50000000,1537,39.915,33472,0,33% 1% 0% 67%,39.916
nbody,go,1,500000,1310,0.216,944,0,100% 5% 0% 0%,0.219
nbody,go,1,5000000,1310,2.152,1532,0,100% 1% 0% 0%,2.153
nbody,go,1,50000000,1310,21.375,1536,0,0% 0% 100% 0%,21.374
nbody,kotlin,5,500000,1349,0.515,32888,0,19% 7% 10% 88%,0.419
nbody,kotlin,5,5000000,1349,2.581,32556,0,1% 6% 6% 94%,2.482
nbody,kotlin,5,50000000,1349,23.180,33068,0,1% 99% 1% 1%,23.078
nbody,node,1,500000,1297,0.395,928,0,100% 0% 0% 5%,0.391
nbody,node,1,5000000,1297,2.759,33132,0,100% 1% 0% 1%,2.757
nbody,node,1,50000000,1297,26.350,34068,0,100% 0% 0% 0%,26.348
nbody,csharpcore,2,500000,1410,0.320,796,0,3% 91% 0% 9%,0.321
nbody,csharpcore,2,5000000,1410,2.291,33860,0,2% 0% 0% 100%,2.293
nbody,csharpcore,2,50000000,1410,22.018,33656,0,100% 1% 1% 0%,22.023
nbody,lua,1,500000,1201,4.814,1408,0,100% 0% 0% 0%,4.816
nbody,lua,1,5000000,1201,49.263,1480,0,0% 100% 1% 0%,49.273
nbody,lua,1,50000000,1201,458.917,1488,0,0% 100% 1% 0%,459.001
nbody,ifc,4,500000,1179,0.223,8,0,0% 5% 100% 0%,0.225
nbody,ifc,4,5000000,1179,2.169,8,0,0% 100% 1% 0%,2.171
nbody,ifc,4,50000000,1179,21.674,8,0,100% 0% 1% 0%,21.679
nbody,lua,4,500000,1305,4.307,1584,0,0% 100% 1% 0%,4.309
nbody,lua,4,5000000,1305,41.912,1524,0,0% 49% 52% 1%,41.922
nbody,lua,4,50000000,1305,404.760,1404,0,0% 98% 3% 0%,404.834
nbody,csharpcore,9,500000,1299,0.000,772,-10,3% 0% 3% 100%,0.362
nbody,csharpcore,9,5000000,1299,0.000,772,-10,3% 0% 3% 100%,0.362
nbody,csharpcore,9,50000000,1299,0.000,772,-10,3% 0% 3% 100%,0.362
nbody,dart,3,500000,1426,0.493,46908,0,0% 16% 19% 79%,0.462
nbody,dart,3,5000000,1426,2.959,46960,0,97% 3% 3% 1%,2.916
nbody,dart,3,50000000,1426,27.644,47520,0,0% 11% 89% 0%,27.495
nbody,gnat,1,500000,1618,0.249,604,0,0% 0% 100% 4%,0.250
nbody,gnat,1,5000000,1618,2.413,2208,0,1% 1% 100% 0%,2.415
nbody,gnat,1,50000000,1618,24.100,2096,0,100% 0% 0% 1%,24.105
nbody,csharpcore,4,500000,1404,0.322,780,0,100% 0% 0% 3%,0.324
nbody,csharpcore,4,5000000,1404,2.329,33444,0,100% 0% 0% 1%,2.331
nbody,csharpcore,4,50000000,1404,22.437,33752,0,100% 0% 1% 0%,22.442
nbody,sbcl,2,500000,1403,0.281,8,0,3% 4% 100% 0%,0.283
nbody,sbcl,2,5000000,1403,2.722,17668,0,0% 1% 100% 1%,2.724
nbody,sbcl,2,50000000,1403,27.120,17668,0,100% 1% 0% 0%,27.126
nbody,ghc,2,500000,1883,0.231,1484,0,0% 4% 100% 0%,0.236
nbody,ghc,2,5000000,1883,7.903,4052,0,100% 85% 85% 86%,2.226
nbody,ghc,2,50000000,1883,21.911,4068,0,100% 1% 0% 0%,21.905
nbody,gpp,4,500000,1428,0.207,896,0,9% 9% 30% 95%,0.213
nbody,gpp,4,5000000,1428,2.031,808,0,12% 11% 0% 100%,2.033
nbody,gpp,4,50000000,1428,20.274,896,0,100% 1% 0% 0%,20.279
nbody,csharpcore,7,500000,1542,0.309,752,0,100% 3% 0% 0%,0.311
nbody,csharpcore,7,5000000,1542,2.221,33592,0,100% 1% 2% 0%,2.222
nbody,csharpcore,7,50000000,1542,21.361,34120,0,100% 1% 0% 1%,21.366
nbody,java,1,500000,1430,0.531,33968,0,62% 36% 24% 5%,0.437
nbody,java,1,5000000,1430,2.553,33628,0,96% 3% 2% 6%,2.442
nbody,java,1,50000000,1430,22.837,34464,0,0% 91% 9% 1%,22.729
pidigits,chapel,1,2000,501,0.071,0,0,100% 0% 0% 0%,0.062
pidigits,chapel,1,6000,501,0.565,5092,0,100% 4% 4% 0%,0.557
pidigits,chapel,1,10000,501,1.621,6504,0,100% 1% 2% 1%,1.612
pidigits,lua,7,2000,477,0.000,0,-2,%,0.000
pidigits,lua,7,6000,477,0.000,0,-2,%,0.000
pidigits,lua,7,10000,477,0.000,0,-2,%,0.000
pidigits,swift,2,2000,601,0.069,0,0,0% 0% 0% 100%,0.092
pidigits,swift,2,6000,601,0.603,8228,0,0% 2% 5% 100%,0.604
pidigits,swift,2,10000,601,1.749,8948,0,1% 1% 1% 100%,1.751
pidigits,swift,1,2000,1017,0.000,0,-11,%,0.000
pidigits,swift,1,6000,1017,0.000,0,-11,%,0.000
pidigits,swift,1,10000,1017,0.000,0,-11,%,0.000
pidigits,sbcl,4,2000,940,0.081,0,0,0% 0% 0% 100%,0.083
pidigits,sbcl,4,6000,940,0.634,19728,0,100% 0% 0% 0%,0.636
pidigits,sbcl,4,10000,940,1.791,20196,0,1% 2% 1% 100%,1.793
pidigits,php,5,2000,399,0.097,0,0,0% 55% 100% 0%,0.118
pidigits,php,5,6000,399,0.748,10332,0,99% 3% 1% 0%,0.750
pidigits,php,5,10000,399,2.114,10664,0,100% 0% 1% 1%,2.116
pidigits,node,2,2000,420,0.000,0,-2,0% 0% 92% 0%,0.119
pidigits,node,2,6000,420,0.000,0,-2,0% 0% 92% 0%,0.119
pidigits,node,2,10000,420,0.000,0,-2,0% 0% 92% 0%,0.119
pidigits,ghc,4,2000,311,0.000,0,-11,%,0.000
pidigits,ghc,4,6000,311,0.000,0,-11,%,0.000
pidigits,ghc,4,10000,311,0.000,0,-11,%,0.000
pidigits,ocaml,1,2000,560,0.000,0,-11,%,0.000
pidigits,ocaml,1,6000,560,0.000,0,-11,%,0.000
pidigits,ocaml,1,10000,560,0.000,0,-11,%,0.000
pidigits,racket,2,2000,1136,0.196,1456,0,5% 0% 0% 100%,0.215
pidigits,racket,2,6000,1136,0.847,26104,0,1% 99% 1% 0%,0.849
pidigits,racket,2,10000,1136,2.184,26440,0,0% 100% 1% 0%,2.186
pidigits,sbcl,3,2000,493,0.447,177528,0,0% 100% 2% 0%,0.450
pidigits,sbcl,3,6000,493,4.119,313816,0,0% 1% 100% 0%,4.127
pidigits,sbcl,3,10000,493,11.964,325776,0,0% 1% 100% 0%,11.985
pidigits,sbcl,2,2000,648,0.654,196320,0,100% 0% 0% 3%,0.657
pidigits,sbcl,2,6000,648,7.193,327576,0,0% 100% 2% 0%,7.207
pidigits,sbcl,2,10000,648,21.009,333764,0,0% 100% 1% 0%,21.043
pidigits,erlang,1,2000,559,0.800,25636,0,7% 7% 93% 5%,0.757
pidigits,erlang,1,6000,559,5.940,31320,0,67% 33% 2% 2%,5.834
pidigits,erlang,1,10000,559,16.908,36532,0,1% 6% 95% 1%,16.807
pidigits,csharpcore,3,2000,1026,0.207,756,0,0% 30% 68% 4%,0.231
pidigits,csharpcore,3,6000,1026,1.113,34568,0,0% 2% 100% 1%,1.115
pidigits,csharpcore,3,10000,1026,3.031,35360,0,1% 0% 0% 100%,3.033
pidigits,perl,1,2000,463,2.340,10144,0,1% 1% 1% 100%,2.342
pidigits,perl,1,6000,463,8.019,10392,0,51% 50% 1% 1%,8.025
pidigits,perl,1,10000,463,15.439,10876,0,0% 81% 19% 1%,15.446
pidigits,csharpcore,2,2000,856,0.000,58332,-2,1% 1% 96% 0%,0.826
pidigits,csharpcore,2,6000,856,0.000,58332,-2,1% 1% 96% 0%,0.826
pidigits,csharpcore,2,10000,856,0.000,58332,-2,1% 1% 96% 0%,0.826
pidigits,gnat,2,2000,1068,0.066,0,0,0% 100% 0% 0%,0.067
pidigits,gnat,2,6000,1068,0.591,3928,0,0% 100% 2% 0%,0.593
pidigits,gnat,2,10000,1068,1.744,4328,0,1% 1% 100% 1%,1.746
pidigits,lua,1,2000,522,0.000,0,-2,0% 0% 0% 100%,0.021
pidigits,lua,1,6000,522,0.000,0,-2,0% 0% 0% 100%,0.021
pidigits,lua,1,10000,522,0.000,0,-2,0% 0% 0% 100%,0.021
pidigits,gpp,4,2000,513,0.070,0,0,0% 0% 86% 13%,0.071
pidigits,gpp,4,6000,513,0.645,3508,0,0% 0% 100% 0%,0.647
pidigits,gpp,4,10000,513,1.880,4276,0,0% 100% 1% 0%,1.882
pidigits,fpascal,1,2000,3060,0.859,284,0,2% 0% 100% 0%,0.860
pidigits,fpascal,1,6000,3060,8.744,648,0,100% 0% 0% 1%,8.747
pidigits,fpascal,1,10000,3060,25.217,652,0,100% 0% 1% 0%,25.223
pidigits,go,3,2000,603,0.130,0,0,0% 7% 0% 93%,0.132
pidigits,go,3,6000,603,0.792,8464,0,0% 3% 99% 0%,0.793
pidigits,go,3,10000,603,2.021,9256,0,0% 0% 100% 0%,2.022
pidigits,jruby,5,2000,485,0.000,218736,-2,73% 83% 69% 64%,3.099
pidigits,jruby,5,6000,485,0.000,218736,-2,73% 83% 69% 64%,3.099
pidigits,jruby,5,10000,485,0.000,218736,-2,73% 83% 69% 64%,3.099
pidigits,php,3,2000,504,0.105,0,0,0% 0% 100% 18%,0.113
pidigits,php,3,6000,504,0.763,10384,0,3% 4% 99% 0%,0.765
pidigits,php,3,10000,504,2.136,10672,0,1% 0% 0% 100%,2.139
pidigits,truffle,5,2000,485,0.000,320644,-2,86% 90% 85% 88%,7.970
pidigits,truffle,5,6000,485,0.000,320644,-2,86% 90% 85% 88%,7.970
pidigits,truffle,5,10000,485,0.000,320644,-2,86% 90% 85% 88%,7.970
pidigits,ocaml,4,2000,1484,0.000,0,-11,%,0.000
pidigits,ocaml,4,6000,1484,0.000,0,-11,%,0.000
pidigits,ocaml,4,10000,1484,0.000,0,-11,%,0.000
pidigits,ifc,3,2000,969,0.000,0,-11,%,0.000
pidigits,ifc,3,6000,969,0.000,0,-11,%,0.000
pidigits,ifc,3,10000,969,0.000,0,-11,%,0.000
pidigits,hipe,1,2000,559,0.746,22516,0,9% 93% 7% 3%,0.691
pidigits,hipe,1,6000,559,5.603,28088,0,49% 52% 1% 2%,5.479
pidigits,hipe,1,10000,559,16.345,35912,0,1% 1% 99% 2%,16.032
pidigits,python3,2,2000,386,0.304,836,0,0% 3% 0% 100%,0.343
pidigits,python3,2,6000,386,1.352,12300,0,100% 2% 2% 2%,1.354
pidigits,python3,2,10000,386,3.428,12716,0,100% 1% 1% 0%,3.430
pidigits,yarv,1,2000,518,1.103,31404,0,0% 0% 100% 1%,1.105
pidigits,yarv,1,6000,518,9.610,95892,0,1% 100% 0% 0%,9.626
pidigits,yarv,1,10000,518,27.536,161088,0,0% 1% 100% 0%,27.577
pidigits,ocaml,2,2000,524,0.000,0,-11,%,0.000
pidigits,ocaml,2,6000,524,0.000,0,-11,%,0.000
pidigits,ocaml,2,10000,524,0.000,0,-11,%,0.000
pidigits,erlang,2,2000,512,0.980,23008,0,69% 51% 23% 10%,0.669
pidigits,erlang,2,6000,512,7.036,27420,0,20% 2% 98% 6%,5.661
pidigits,erlang,2,10000,512,18.924,37528,0,9% 1% 100% 10%,16.251
pidigits,php,1,2000,736,17.868,9280,0,0% 100% 1% 0%,17.896
pidigits,php,1,6000,736,185.224,9164,0,1% 0% 0% 100%,185.271
pidigits,php,1,10000,736,545.274,11680,0,0% 91% 10% 0%,545.397
pidigits,fsharpcore,1,2000,513,1.830,66388,0,30% 50% 19% 12%,1.677
pidigits,fsharpcore,1,6000,513,16.177,82740,0,31% 27% 28% 26%,14.657
pidigits,fsharpcore,1,10000,513,44.710,100876,0,34% 23% 24% 30%,41.233
pidigits,sbcl,1,2000,1064,0.000,0,-10,0% 0% 0% 100%,0.022
pidigits,sbcl,1,6000,1064,0.000,0,-10,0% 0% 0% 100%,0.022
pidigits,sbcl,1,10000,1064,0.000,0,-10,0% 0% 0% 100%,0.022
pidigits,php,4,2000,389,0.108,0,0,18% 100% 18% 0%,0.111
pidigits,php,4,6000,389,0.783,10256,0,1% 3% 99% 0%,0.786
pidigits,php,4,10000,389,2.122,10512,0,100% 0% 0% 2%,2.124
pidigits,mri,5,2000,485,0.000,0,-2,%,0.000
pidigits,mri,5,6000,485,0.000,0,-2,%,0.000
pidigits,mri,5,10000,485,0.000,0,-2,%,0.000
pidigits,fsharpcore,4,2000,874,0.218,800,0,4% 4% 20% 77%,0.253
pidigits,fsharpcore,4,6000,874,1.129,37664,0,1% 2% 3% 99%,1.131
pidigits,fsharpcore,4,10000,874,3.044,38168,0,1% 0% 99% 3%,3.046
pidigits,mri,2,2000,658,0.000,0,-2,%,0.000
pidigits,mri,2,6000,658,0.000,0,-2,%,0.000
pidigits,mri,2,10000,658,0.000,0,-2,%,0.000
pidigits,rust,1,2000,1420,0.064,0,0,100% 0% 0% 14%,0.066
pidigits,rust,1,6000,1420,0.601,3440,0,3% 2% 7% 100%,0.602
pidigits,rust,1,10000,1420,1.749,4572,0,2% 100% 1% 0%,1.751
pidigits,truffle,2,2000,658,0.000,309316,-2,89% 84% 89% 85%,7.326
pidigits,truffle,2,6000,658,0.000,309316,-2,89% 84% 89% 85%,7.326
pidigits,truffle,2,10000,658,0.000,309316,-2,89% 84% 89% 85%,7.326
pidigits,gnat,1,2000,1157,0.206,652,0,0% 5% 95% 0%,0.212
pidigits,gnat,1,6000,1157,3.070,4360,0,1% 0% 100% 1%,3.072
pidigits,gnat,1,10000,1157,10.930,4924,0,0% 100% 0% 1%,10.934
pidigits,fpascal,2,2000,828,0.206,992,0,0% 5% 0% 95%,0.216
pidigits,fpascal,2,6000,828,3.067,2096,0,0% 0% 0% 100%,3.069
pidigits,fpascal,2,10000,828,10.930,2628,0,100% 0% 0% 0%,10.934
pidigits,mri,1,2000,518,1.122,12808,0,1% 0% 1% 100%,1.126
pidigits,mri,1,6000,518,10.233,14616,0,100% 1% 0% 0%,10.250
pidigits,mri,1,10000,518,29.341,17712,0,0% 0% 100% 0%,29.387
pidigits,rust,2,2000,1306,0.069,0,0,0% 0% 100% 13%,0.070
pidigits,rust,2,6000,1306,0.603,3352,0,0% 0% 7% 100%,0.605
pidigits,rust,2,10000,1306,1.748,4560,0,100% 2% 3% 1%,1.750
pidigits,fsharpcore,3,2000,909,0.222,768,0,4% 0% 0% 100%,0.246
pidigits,fsharpcore,3,6000,909,1.145,37300,0,1% 1% 2% 99%,1.147
pidigits,fsharpcore,3,10000,909,3.054,37836,0,0% 1% 1% 100%,3.056
pidigits,hack,1,2000,735,0.000,88276,-10,1% 100% 1% 1%,18.714
pidigits,hack,1,6000,735,0.000,88276,-10,1% 100% 1% 1%,18.714
pidigits,hack,1,10000,735,0.000,88276,-10,1% 100% 1% 1%,18.714
pidigits,go,2,2000,733,0.174,0,0,0% 0% 94% 0%,0.175
pidigits,go,2,6000,733,1.113,8928,0,99% 0% 0% 4%,1.114
pidigits,go,2,10000,733,2.932,9344,0,0% 100% 0% 0%,2.932
pidigits,gpp,3,2000,663,0.000,8432,-1,0% 1% 2% 99%,300.572
pidigits,gpp,3,6000,663,0.000,8432,-1,0% 1% 2% 99%,300.572
pidigits,gpp,3,10000,663,0.000,8432,-1,0% 1% 2% 99%,300.572
pidigits,java,1,2000,800,1.992,110232,0,45% 59% 50% 54%,0.991
pidigits,java,1,6000,800,8.471,247768,0,8% 25% 80% 12%,6.907
pidigits,java,1,10000,800,21.495,312608,0,50% 5% 4% 53%,19.672
pidigits,racket,1,2000,453,0.504,28660,0,2% 0% 4% 100%,0.506
pidigits,racket,1,6000,453,7.591,126740,0,1% 0% 0% 100%,7.601
pidigits,racket,1,10000,453,27.556,124156,0,100% 1% 0% 0%,27.576
pidigits,lua,5,2000,479,0.000,0,-2,%,0.000
pidigits,lua,5,6000,479,0.000,0,-2,%,0.000
pidigits,lua,5,10000,479,0.000,0,-2,%,0.000
pidigits,vw,4,2000,773,0.784,54792,0,27% 100% 23% 9%,0.790
pidigits,vw,4,6000,773,5.840,55952,0,8% 100% 16% 13%,5.853
pidigits,vw,4,10000,773,13.356,55996,0,1% 1% 100% 1%,13.371
pidigits,fsharpcore,2,2000,701,1.190,65864,0,2% 38% 51% 19%,1.108
pidigits,fsharpcore,2,6000,701,9.591,73080,0,27% 35% 28% 22%,8.852
pidigits,fsharpcore,2,10000,701,27.690,80396,0,31% 20% 26% 33%,25.579
pidigits,gcc,1,2000,452,0.061,0,0,86% 14% 0% 83%,0.063
pidigits,gcc,1,6000,452,0.591,1976,0,100% 14% 21% 30%,0.593
pidigits,gcc,1,10000,452,1.743,2716,0,100% 1% 1% 2%,1.744
pidigits,yarv,5,2000,485,0.208,704,0,5% 0% 95% 4%,0.226
pidigits,yarv,5,6000,485,1.137,69088,0,1% 1% 4% 100%,1.139
pidigits,yarv,5,10000,485,2.962,306652,0,1% 0% 3% 100%,2.967
pidigits,yarv,2,2000,658,0.527,18220,0,0% 0% 100% 7%,0.529
pidigits,yarv,2,6000,658,3.230,88088,0,0% 0% 100% 2%,3.236
pidigits,yarv,2,10000,658,8.295,158000,0,1% 100% 0% 0%,8.311
pidigits,dart,1,2000,603,0.723,52560,0,10% 13% 60% 32%,0.657
pidigits,dart,1,6000,603,4.092,64980,0,25% 4% 77% 3%,3.975
pidigits,dart,1,10000,603,11.614,65064,0,99% 3% 2% 1%,11.415
pidigits,hipe,2,2000,512,0.855,21520,0,83% 30% 13% 22%,0.604
pidigits,hipe,2,6000,512,6.449,28608,0,17% 13% 3% 97%,4.997
pidigits,hipe,2,10000,512,17.612,46412,0,12% 27% 5% 77%,14.646
pidigits,fpascal,3,2000,530,0.065,0,0,0% 0% 100% 0%,0.066
pidigits,fpascal,3,6000,530,0.591,1844,0,100% 0% 0% 3%,0.593
pidigits,fpascal,3,10000,530,1.724,2428,0,0% 2% 100% 1%,1.726
pidigits,jruby,1,2000,518,14.121,705796,0,65% 81% 74% 66%,4.991
pidigits,jruby,1,6000,518,24.419,811156,0,56% 67% 40% 50%,11.595
pidigits,jruby,1,10000,518,35.844,804068,0,20% 20% 38% 71%,24.352
pidigits,java,2,2000,938,0.356,1028,0,43% 11% 19% 66%,0.277
pidigits,java,2,6000,938,1.405,32632,0,7% 16% 93% 3%,1.188
pidigits,java,2,10000,938,3.355,36984,0,4% 4% 99% 3%,3.128
pidigits,chapel,2,2000,423,0.073,0,0,100% 14% 0% 0%,0.066
pidigits,chapel,2,6000,423,0.563,5084,0,98% 4% 4% 0%,0.556
pidigits,chapel,2,10000,423,1.615,6400,0,100% 1% 1% 1%,1.608
pidigits,truffle,1,2000,518,27.072,378568,0,89% 86% 91% 85%,7.759
pidigits,truffle,1,6000,518,50.950,545220,0,72% 72% 73% 90%,16.597
pidigits,truffle,1,10000,518,67.271,562844,0,55% 50% 55% 53%,31.608
pidigits,ocaml,3,2000,882,0.000,0,-11,%,0.000
pidigits,ocaml,3,6000,882,0.000,0,-11,%,0.000
pidigits,ocaml,3,10000,882,0.000,0,-11,%,0.000
pidigits,go,1,2000,708,0.175,0,0,44% 0% 0% 59%,0.174
pidigits,go,1,6000,708,1.124,8716,0,40% 0% 40% 24%,1.119
pidigits,go,1,10000,708,2.928,9744,0,33% 3% 1% 65%,2.920
pidigits,ifc,1,2000,1768,0.000,3416,-2,2% 0% 0% 100%,0.610
pidigits,ifc,1,6000,1768,0.000,3416,-2,2% 0% 0% 100%,0.610
pidigits,ifc,1,10000,1768,0.000,3416,-2,2% 0% 0% 100%,0.610
pidigits,rust,3,2000,1366,0.064,0,0,0% 0% 86% 0%,0.066
pidigits,rust,3,6000,1366,0.601,3428,0,3% 3% 100% 3%,0.602
pidigits,rust,3,10000,1366,1.740,4592,0,1% 1% 3% 100%,1.741
pidigits,perl,2,2000,389,0.290,1564,0,100% 3% 0% 0%,0.292
pidigits,perl,2,6000,389,1.525,7036,0,100% 1% 2% 1%,1.527
pidigits,perl,2,10000,389,3.830,7320,0,2% 1% 100% 1%,3.833
pidigits,perl,4,2000,261,0.255,740,0,8% 0% 100% 0%,0.257
pidigits,perl,4,6000,261,1.315,6972,0,0% 2% 2% 99%,1.321
pidigits,perl,4,10000,261,3.501,7348,0,100% 1% 1% 1%,3.504
pidigits,php,2,2000,545,0.164,0,0,11% 38% 0% 94%,0.173
pidigits,php,2,6000,545,1.173,10476,0,100% 0% 1% 1%,1.175
pidigits,php,2,10000,545,3.203,10968,0,1% 0% 1% 100%,3.206
regexredux,jruby,2,50000,431,14.025,275380,0,75% 71% 80% 87%,4.495
regexredux,jruby,2,500000,431,20.670,395612,0,85% 75% 67% 63%,7.162
regexredux,jruby,2,5000000,431,63.992,1375512,0,74% 60% 41% 51%,28.520
regexredux,ghc,2,50000,1537,0.000,0,-11,%,0.000
regexredux,ghc,2,500000,1537,0.000,0,-11,%,0.000
regexredux,ghc,2,5000000,1537,0.000,0,-11,%,0.000
regexredux,truffle,3,50000,751,40.981,416372,0,91% 91% 88% 88%,11.542
regexredux,truffle,3,500000,751,65.759,525376,0,75% 81% 79% 78%,21.093
regexredux,truffle,3,5000000,751,242.458,992128,0,28% 58% 56% 29%,144.420
regexredux,csharpcore,5,50000,673,1.256,41720,0,65% 91% 49% 66%,0.472
regexredux,csharpcore,5,500000,673,11.220,227544,0,84% 83% 88% 79%,3.400
regexredux,csharpcore,5,5000000,673,110.161,1509340,0,83% 92% 93% 92%,30.743
regexredux,fsharpcore,6,50000,611,1.322,43036,0,56% 47% 53% 81%,0.589
regexredux,fsharpcore,6,500000,611,11.307,236536,0,86% 65% 93% 85%,3.481
regexredux,fsharpcore,6,5000000,611,111.708,1670792,0,90% 87% 97% 81%,31.494
regexredux,go,1,50000,741,1.246,5864,0,39% 80% 60% 43%,0.561
regexredux,go,1,500000,741,13.056,39672,0,68% 74% 51% 53%,5.350
regexredux,go,1,5000000,741,129.051,322376,0,70% 66% 50% 54%,53.887
regexredux,java,4,50000,929,0.000,46600,-10,91% 25% 46% 43%,0.653
regexredux,java,4,500000,929,0.000,46600,-10,91% 25% 46% 43%,0.653
regexredux,java,4,5000000,929,0.000,46600,-10,91% 25% 46% 43%,0.653
regexredux,hipe,6,50000,1065,0.000,1544,-10,73% 28% 64% 46%,0.255
regexredux,hipe,6,500000,1065,0.000,1544,-10,73% 28% 64% 46%,0.255
regexredux,hipe,6,5000000,1065,0.000,1544,-10,73% 28% 64% 46%,0.255
regexredux,truffle,8,50000,555,0.000,262880,-2,83% 86% 86% 85%,5.810
regexredux,truffle,8,500000,555,0.000,262880,-2,83% 86% 86% 85%,5.810
regexredux,truffle,8,5000000,555,0.000,262880,-2,83% 86% 86% 85%,5.810
regexredux,gpp,1,50000,656,0.087,0,0,89% 0% 0% 0%,0.089
regexredux,gpp,1,500000,656,0.837,23560,0,0% 0% 4% 99%,0.839
regexredux,gpp,1,5000000,656,8.435,182500,0,1% 100% 0% 0%,8.441
regexredux,ocaml,4,50000,1064,0.000,0,-11,%,0.000
regexredux,ocaml,4,500000,1064,0.000,0,-11,%,0.000
regexredux,ocaml,4,5000000,1064,0.000,0,-11,%,0.000
regexredux,csharpcore,6,50000,640,0.000,39856,-10,63% 40% 77% 43%,0.480
regexredux,csharpcore,6,500000,640,0.000,39856,-10,63% 40% 77% 43%,0.480
regexredux,csharpcore,6,5000000,640,0.000,39856,-10,63% 40% 77% 43%,0.480
regexredux,csharpcore,8,50000,823,0.000,792,-10,60% 87% 54% 69%,0.389
regexredux,csharpcore,8,500000,823,0.000,792,-10,60% 87% 54% 69%,0.389
regexredux,csharpcore,8,5000000,823,0.000,792,-10,60% 87% 54% 69%,0.389
regexredux,yarv,3,50000,751,0.177,31872,0,48% 13% 21% 76%,0.321
regexredux,yarv,3,500000,751,0.864,42156,0,40% 37% 78% 46%,1.405
regexredux,yarv,3,5000000,751,7.846,314092,0,90% 41% 41% 47%,13.139
regexredux,yarv,8,50000,555,0.000,0,-10,50% 35% 21% 76%,0.193
regexredux,yarv,8,500000,555,0.000,0,-10,50% 35% 21% 76%,0.193
regexredux,yarv,8,5000000,555,0.000,0,-10,50% 35% 21% 76%,0.193
regexredux,csharpcore,1,50000,635,1.229,42240,0,2% 1% 99% 0%,1.223
regexredux,csharpcore,1,500000,635,11.229,136196,0,6% 0% 1% 94%,11.173
regexredux,csharpcore,1,5000000,635,110.310,1331724,0,0% 43% 58% 0%,110.062
regexredux,yarv,6,50000,473,0.000,696,-10,100% 6% 3% 0%,0.337
regexredux,yarv,6,500000,473,0.000,696,-10,100% 6% 3% 0%,0.337
regexredux,yarv,6,5000000,473,0.000,696,-10,100% 6% 3% 0%,0.337
regexredux,php,4,50000,872,0.000,0,-10,75% 33% 33% 100%,0.038
regexredux,php,4,500000,872,0.000,0,-10,75% 33% 33% 100%,0.038
regexredux,php,4,5000000,872,0.000,0,-10,75% 33% 33% 100%,0.038
regexredux,csharpcore,4,50000,856,1.279,44488,0,62% 65% 48% 75%,0.519
regexredux,csharpcore,4,500000,856,11.288,234976,0,86% 89% 91% 74%,3.341
regexredux,csharpcore,4,5000000,856,110.699,1607784,0,77% 94% 92% 80%,32.222
regexredux,node,1,50000,408,0.178,0,0,0% 5% 100% 0%,0.193
regexredux,node,1,500000,408,1.210,131528,0,13% 35% 61% 5%,1.129
regexredux,node,1,5000000,408,11.901,847584,0,11% 9% 76% 12%,11.175
regexredux,csharpcore,9,50000,659,1.298,41584,0,90% 66% 65% 59%,0.470
regexredux,csharpcore,9,500000,659,11.219,201192,0,88% 80% 89% 80%,3.334
regexredux,csharpcore,9,5000000,659,110.241,1483936,0,92% 89% 90% 88%,30.741
regexredux,truffle,2,50000,431,41.042,380772,0,91% 86% 92% 90%,11.458
regexredux,truffle,2,500000,431,59.436,498948,0,72% 84% 73% 80%,19.265
regexredux,truffle,2,5000000,431,238.766,1167320,0,52% 46% 36% 34%,142.200
regexredux,gnat,6,50000,3788,0.000,0,-10,50% 33% 38% 75%,0.126
regexredux,gnat,6,500000,3788,0.000,0,-10,50% 33% 38% 75%,0.126
regexredux,gnat,6,5000000,3788,0.000,0,-10,50% 33% 38% 75%,0.126
regexredux,java,3,50000,929,2.029,45016,0,94% 72% 77% 71%,0.656
regexredux,java,3,500000,929,4.752,113664,0,90% 73% 67% 76%,1.558
regexredux,java,3,5000000,929,31.297,573972,0,70% 73% 70% 86%,10.508
regexredux,truffle,9,50000,322,37.713,392872,0,91% 87% 90% 87%,10.627
regexredux,truffle,9,500000,322,58.588,498484,0,72% 76% 70% 69%,20.509
regexredux,truffle,9,5000000,322,236.633,915040,0,24% 23% 60% 38%,164.157
regexredux,go,2,50000,802,0.612,2364,0,65% 59% 68% 46%,0.272
regexredux,go,2,500000,802,6.006,41132,0,85% 39% 37% 52%,2.836
regexredux,go,2,5000000,802,59.869,323820,0,69% 46% 50% 48%,28.213
regexredux,gpp,2,50000,700,0.095,0,0,0% 14% 71% 83%,0.061
regexredux,gpp,2,500000,700,0.859,26784,0,85% 65% 0% 3%,0.576
regexredux,gpp,2,5000000,700,8.500,201072,0,1% 84% 1% 63%,5.745
regexredux,csharpcore,2,50000,595,0.000,40408,-10,44% 81% 43% 60%,0.462
regexredux,csharpcore,2,500000,595,0.000,40408,-10,44% 81% 43% 60%,0.462
regexredux,csharpcore,2,5000000,595,0.000,40408,-10,44% 81% 43% 60%,0.462
regexredux,rust,2,50000,701,0.062,0,0,60% 20% 0% 40%,0.048
regexredux,rust,2,500000,701,0.464,588,0,19% 13% 26% 97%,0.320
regexredux,rust,2,5000000,701,4.481,149140,0,29% 15% 17% 86%,3.119
regexredux,swift,3,50000,768,0.000,25664,-10,92% 92% 98% 84%,2.205
regexredux,swift,3,500000,768,0.000,25664,-10,92% 92% 98% 84%,2.205
regexredux,swift,3,5000000,768,0.000,25664,-10,92% 92% 98% 84%,2.205
regexredux,gpp,4,50000,1315,0.060,0,0,100% 50% 67% 100%,0.023
regexredux,gpp,4,500000,1315,0.442,0,0,63% 56% 71% 82%,0.168
regexredux,gpp,4,5000000,1315,4.182,203572,0,100% 52% 57% 54%,1.611
regexredux,hack,4,50000,868,0.000,81872,-10,19% 19% 68% 13%,0.481
regexredux,hack,4,500000,868,0.000,81872,-10,19% 19% 68% 13%,0.481
regexredux,hack,4,5000000,868,0.000,81872,-10,19% 19% 68% 13%,0.481
regexredux,gnat,5,50000,3640,0.209,0,0,64% 40% 40% 67%,0.100
regexredux,gnat,5,500000,3640,1.959,11132,0,48% 67% 46% 78%,0.897
regexredux,gnat,5,5000000,3640,19.344,154440,0,68% 92% 63% 66%,6.697
regexredux,typescript,2,50000,440,0.178,0,0,0% 100% 5% 0%,0.190
regexredux,typescript,2,500000,440,1.207,130896,0,8% 61% 33% 12%,1.146
regexredux,typescript,2,5000000,440,11.870,683348,0,44% 18% 5% 41%,11.040
regexredux,java,1,50000,868,1.750,43404,0,78% 71% 53% 70%,0.659
regexredux,java,1,500000,868,4.882,121796,0,43% 65% 56% 52%,2.305
regexredux,java,1,5000000,868,29.195,608804,0,28% 77% 37% 38%,16.265
regexredux,rust,3,50000,643,0.000,0,-11,%,0.000
regexredux,rust,3,500000,643,0.000,0,-11,%,0.000
regexredux,rust,3,5000000,643,0.000,0,-11,%,0.000
regexredux,typescript,3,50000,610,0.181,0,0,6% 0% 100% 0%,0.174
regexredux,typescript,3,500000,610,1.205,137280,0,67% 11% 10% 32%,1.007
regexredux,typescript,3,5000000,610,12.229,844952,0,3% 64% 16% 25%,11.429
regexredux,fsharpcore,4,50000,905,0.000,47864,-10,44% 79% 61% 50%,0.629
regexredux,fsharpcore,4,500000,905,0.000,47864,-10,44% 79% 61% 50%,0.629
regexredux,fsharpcore,4,5000000,905,0.000,47864,-10,44% 79% 61% 50%,0.629
regexredux,perl,2,50000,710,0.446,688,0,0% 70% 100% 0%,0.266
regexredux,perl,2,500000,710,4.330,26928,0,100% 70% 1% 0%,2.544
regexredux,perl,2,5000000,710,43.311,203776,0,95% 1% 71% 5%,25.376
regexredux,sbcl,3,50000,1972,0.000,0,-2,%,0.000
regexredux,sbcl,3,500000,1972,0.000,0,-2,%,0.000
regexredux,sbcl,3,5000000,1972,0.000,0,-2,%,0.000
regexredux,gcc,2,50000,1115,0.043,0,0,100% 0% 0% 0%,0.045
regexredux,gcc,2,500000,1115,0.417,11796,0,15% 24% 100% 17%,0.420
regexredux,gcc,2,5000000,1115,4.118,103028,0,100% 0% 0% 1%,4.121
regexredux,mri,2,50000,431,0.000,6500,-10,100% 2% 2% 0%,0.622
regexredux,mri,2,500000,431,0.000,6500,-10,100% 2% 2% 0%,0.622
regexredux,mri,2,5000000,431,0.000,6500,-10,100% 2% 2% 0%,0.622
regexredux,csharpcore,7,50000,905,0.000,47244,-10,70% 67% 67% 45%,0.428
regexredux,csharpcore,7,500000,905,0.000,47244,-10,70% 67% 67% 45%,0.428
regexredux,csharpcore,7,5000000,905,0.000,47244,-10,70% 67% 67% 45%,0.428
regexredux,hack,1,50000,815,0.401,81548,0,9% 20% 72% 20%,0.442
regexredux,hack,1,500000,815,0.656,94716,0,19% 19% 82% 29%,0.798
regexredux,hack,1,5000000,815,3.182,238608,0,34% 31% 44% 73%,3.436
regexredux,dart,3,50000,1050,1.028,52820,0,43% 56% 37% 56%,0.556
regexredux,dart,3,500000,1050,3.740,194336,0,52% 70% 41% 44%,1.856
regexredux,dart,3,5000000,1050,31.044,673392,0,45% 58% 59% 51%,14.776
regexredux,typescript,1,50000,440,0.179,0,0,6% 29% 69% 0%,0.171
regexredux,typescript,1,500000,440,1.217,148596,0,12% 34% 63% 10%,1.050
regexredux,typescript,1,5000000,440,11.812,649968,0,15% 7% 23% 64%,10.992
regexredux,fpascal,1,50000,1273,0.078,0,0,0% 0% 0% 100%,0.080
regexredux,fpascal,1,500000,1273,0.739,6712,0,1% 0% 0% 100%,0.741
regexredux,fpascal,1,5000000,1273,7.785,99480,0,0% 0% 1% 100%,7.795
regexredux,gpp,5,50000,852,0.107,0,0,35% 56% 12% 24%,0.168
regexredux,gpp,5,500000,852,0.920,26700,0,11% 74% 38% 10%,0.805
regexredux,gpp,5,5000000,852,9.026,215380,0,88% 24% 13% 12%,6.640
regexredux,go,3,50000,829,1.170,6016,0,48% 66% 45% 76%,0.508
regexredux,go,3,500000,829,12.767,70156,0,89% 54% 54% 48%,5.276
regexredux,go,3,5000000,829,133.715,679144,0,49% 74% 75% 49%,54.314
regexredux,node,2,50000,432,0.176,0,0,100% 6% 6% 6%,0.170
regexredux,node,2,500000,432,1.200,149840,0,59% 9% 10% 42%,1.029
regexredux,node,2,5000000,432,12.867,664332,0,36% 47% 8% 19%,11.957
regexredux,mri,6,50000,473,0.000,0,-2,100% 0% 100% 0%,0.008
regexredux,mri,6,500000,473,0.000,0,-2,100% 0% 100% 0%,0.008
regexredux,mri,6,5000000,473,0.000,0,-2,100% 0% 100% 0%,0.008
regexredux,fsharpcore,5,50000,529,1.351,45564,0,79% 56% 53% 69%,0.535
regexredux,fsharpcore,5,500000,529,11.354,218256,0,76% 76% 93% 70%,3.617
regexredux,fsharpcore,5,5000000,529,111.001,1446740,0,92% 89% 85% 91%,31.020
regexredux,swift,2,50000,671,0.952,22540,0,0% 0% 100% 1%,0.954
regexredux,swift,2,500000,671,9.453,89864,0,0% 1% 100% 0%,9.552
regexredux,swift,2,5000000,671,94.908,691900,0,69% 32% 0% 0%,94.959
regexredux,java,5,50000,939,0.000,41776,-10,82% 72% 60% 83%,0.665
regexredux,java,5,500000,939,0.000,41776,-10,82% 72% 60% 83%,0.665
regexredux,java,5,5000000,939,0.000,41776,-10,82% 72% 60% 83%,0.665
regexredux,dart,2,50000,685,0.747,52324,0,18% 9% 11% 85%,0.649
regexredux,dart,2,500000,685,3.520,124084,0,3% 5% 89% 10%,3.319
regexredux,dart,2,5000000,685,32.243,454592,0,10% 5% 81% 13%,30.075
regexredux,gcc,3,50000,1266,0.055,0,0,33% 100% 50% 67%,0.029
regexredux,gcc,3,500000,1266,0.432,2080,0,35% 100% 32% 28%,0.250
regexredux,gcc,3,5000000,1266,4.156,103436,0,100% 24% 32% 23%,2.368
regexredux,truffle,6,50000,473,0.000,292132,-10,81% 86% 87% 87%,7.762
regexredux,truffle,6,500000,473,0.000,292132,-10,81% 86% 87% 87%,7.762
regexredux,truffle,6,5000000,473,0.000,292132,-10,81% 86% 87% 87%,7.762
regexredux,fsharpcore,3,50000,886,0.000,55500,-10,47% 61% 65% 51%,0.660
regexredux,fsharpcore,3,500000,886,0.000,55500,-10,47% 61% 65% 51%,0.660
regexredux,fsharpcore,3,5000000,886,0.000,55500,-10,47% 61% 65% 51%,0.660
regexredux,gpp,3,50000,853,0.265,0,0,6% 5% 47% 95%,0.187
regexredux,gpp,3,500000,853,2.810,32976,0,100% 3% 52% 1%,1.857
regexredux,gpp,3,5000000,853,25.776,215384,0,13% 94% 43% 1%,17.333
regexredux,rust,1,50000,804,0.058,0,0,86% 0% 0% 0%,0.064
regexredux,rust,1,500000,804,0.457,1240,0,14% 64% 22% 40%,0.412
regexredux,rust,1,5000000,804,4.403,189036,0,87% 15% 17% 29%,3.020
regexredux,python3,1,50000,512,0.635,15968,0,24% 65% 8% 11%,0.616
regexredux,python3,1,500000,512,3.049,51820,0,69% 25% 44% 20%,2.001
regexredux,python3,1,5000000,512,27.437,447324,0,25% 33% 32% 91%,15.218
regexredux,racket,1,50000,541,0.675,39436,0,0% 100% 1% 0%,0.688
regexredux,racket,1,500000,541,5.388,200840,0,1% 1% 0% 100%,5.455
regexredux,racket,1,5000000,541,54.090,1006828,0,90% 0% 0% 11%,54.088
regexredux,yarv,9,50000,322,0.414,10544,0,100% 0% 0% 0%,0.416
regexredux,yarv,9,500000,322,3.482,48892,0,100% 1% 0% 0%,3.484
regexredux,yarv,9,5000000,322,34.243,312324,0,0% 0% 100% 0%,34.255
regexredux,perl,4,50000,820,0.473,4556,0,43% 68% 64% 67%,0.223
regexredux,perl,4,500000,820,4.351,58480,0,95% 86% 52% 63%,1.480
regexredux,perl,4,5000000,820,43.587,155708,0,63% 86% 53% 96%,14.661
regexredux,csharpcore,3,50000,815,0.000,792,-10,90% 70% 50% 57%,0.397
regexredux,csharpcore,3,500000,815,0.000,792,-10,90% 70% 50% 57%,0.397
regexredux,csharpcore,3,5000000,815,0.000,792,-10,90% 70% 50% 57%,0.397
regexredux,lua,2,50000,637,0.000,744,-10,3% 0% 0% 100%,0.342
regexredux,lua,2,500000,637,0.000,744,-10,3% 0% 0% 100%,0.342
regexredux,lua,2,5000000,637,0.000,744,-10,3% 0% 0% 100%,0.342
regexredux,gcc,4,50000,1230,0.053,0,0,100% 100% 50% 100%,0.019
regexredux,gcc,4,500000,1230,0.437,0,0,72% 71% 65% 94%,0.169
regexredux,gcc,4,5000000,1230,4.049,152352,0,59% 99% 57% 61%,1.476
regexredux,fpascal,2,50000,1503,0.118,0,0,21% 7% 7% 69%,0.133
regexredux,fpascal,2,500000,1503,0.586,7204,0,14% 11% 7% 98%,0.556
regexredux,fpascal,2,5000000,1503,5.243,102432,0,19% 90% 15% 14%,3.814
regexredux,java,6,50000,740,2.110,42968,0,66% 82% 81% 64%,0.776
regexredux,java,6,500000,740,4.550,104988,0,84% 69% 70% 76%,1.552
regexredux,java,6,5000000,740,30.583,603452,0,69% 64% 87% 64%,10.840
regexredux,mri,9,50000,322,0.000,6616,-10,0% 0% 2% 98%,0.597
regexredux,mri,9,500000,322,0.000,6616,-10,0% 0% 2% 98%,0.597
regexredux,mri,9,5000000,322,0.000,6616,-10,0% 0% 2% 98%,0.597
regexredux,php,1,50000,816,0.043,0,0,71% 29% 29% 67%,0.068
regexredux,php,1,500000,816,0.273,31232,0,24% 88% 29% 32%,0.400
regexredux,php,1,5000000,816,2.459,270048,0,38% 39% 85% 38%,2.627
regexredux,mri,8,50000,555,0.000,0,-2,65% 70% 75% 68%,0.201
regexredux,mri,8,500000,555,0.000,0,-2,65% 70% 75% 68%,0.201
regexredux,mri,8,5000000,555,0.000,0,-2,65% 70% 75% 68%,0.201
regexredux,fsharpcore,2,50000,426,1.316,44432,0,1% 1% 2% 98%,1.307
regexredux,fsharpcore,2,500000,426,11.266,168228,0,0% 6% 95% 0%,11.245
regexredux,fsharpcore,2,5000000,426,110.485,1422104,0,85% 0% 1% 15%,110.225
regexredux,mri,3,50000,727,0.000,2188,-10,87% 52% 50% 50%,0.292
regexredux,mri,3,500000,727,0.000,2188,-10,87% 52% 50% 50%,0.292
regexredux,mri,3,5000000,727,0.000,2188,-10,87% 52% 50% 50%,0.292
regexredux,fsharpcore,1,50000,646,1.389,48124,0,26% 68% 38% 45%,0.793
regexredux,fsharpcore,1,500000,646,0.000,184820,-10,48% 76% 61% 36%,5.183
regexredux,fsharpcore,1,5000000,646,0.000,184820,-10,48% 76% 61% 36%,5.183
regexredux,ocaml,2,50000,637,0.197,1876,0,92% 0% 12% 5%,0.229
regexredux,ocaml,2,500000,637,2.319,96328,0,1% 100% 0% 1%,2.411
regexredux,ocaml,2,5000000,637,24.639,968800,0,1% 1% 0% 100%,24.660
regexredux,java,2,50000,1539,0.000,35140,-10,64% 70% 88% 57%,0.569
regexredux,java,2,500000,1539,0.000,35140,-10,64% 70% 88% 57%,0.569
regexredux,java,2,5000000,1539,0.000,35140,-10,64% 70% 88% 57%,0.569
regexredux,perl,3,50000,854,0.474,0,0,47% 88% 59% 76%,0.174
regexredux,perl,3,500000,854,4.438,67576,0,49% 60% 95% 83%,1.557
regexredux,perl,3,5000000,854,44.286,156260,0,60% 89% 51% 96%,14.978
regexredux,swift,1,50000,715,1.410,24784,0,1% 100% 84% 1%,0.769
regexredux,swift,1,500000,715,14.027,109564,0,100% 1% 5% 83%,7.586
regexredux,swift,1,5000000,715,141.079,897668,0,74% 29% 67% 21%,75.544
regexredux,perl,1,50000,464,0.354,1536,0,97% 0% 3% 3%,0.369
regexredux,perl,1,500000,464,3.486,24312,0,0% 1% 100% 0%,3.578
regexredux,perl,1,5000000,464,34.280,204320,0,0% 0% 0% 100%,34.292
regexredux,chapel,1,50000,477,0.185,0,0,89% 20% 40% 50%,0.101
regexredux,chapel,1,500000,477,1.635,65392,0,99% 20% 19% 68%,0.822
regexredux,chapel,1,5000000,477,16.364,792460,0,100% 17% 16% 70%,8.162
regexredux,erlang,6,50000,1060,0.000,1460,-10,55% 64% 74% 55%,0.223
regexredux,erlang,6,500000,1060,0.000,1460,-10,55% 64% 74% 55%,0.223
regexredux,erlang,6,5000000,1060,0.000,1460,-10,55% 64% 74% 55%,0.223
regexredux,go,4,50000,829,0.774,1124,0,61% 48% 83% 46%,0.346
regexredux,go,4,500000,829,7.202,43252,0,77% 52% 56% 57%,3.048
regexredux,go,4,5000000,829,71.274,383640,0,82% 52% 54% 52%,29.813
regexredux,yarv,2,50000,431,0.342,1516,0,24% 38% 20% 21%,0.344
regexredux,yarv,2,500000,431,2.639,49168,0,19% 0% 46% 36%,2.692
regexredux,yarv,2,5000000,431,25.634,311964,0,6% 4% 60% 31%,25.642
revcomp,hack,2,250000,273,0.000,95564,-10,0% 33% 99% 0%,7.024
revcomp,hack,2,100000000,273,0.000,95564,-10,0% 33% 99% 0%,7.024
revcomp,typescript,1,250000,1141,0.189,924,0,36% 0% 0% 62%,0.223
revcomp,typescript,1,100000000,1141,18.718,706952,0,47% 23% 10% 29%,17.353
revcomp,gcc,6,250000,820,0.027,0,0,%,0.000
revcomp,gcc,6,100000000,820,2.675,796324,0,23% 98% 3% 17%,1.978
revcomp,ghc,2,250000,982,0.072,0,0,30% 18% 9% 90%,0.107
revcomp,ghc,2,100000000,982,32.411,3460312,0,56% 74% 65% 49%,25.855
revcomp,ocaml,4,250000,2079,0.000,0,-11,%,0.000
revcomp,ocaml,4,100000000,2079,0.000,0,-11,%,0.000
revcomp,racket,1,250000,553,0.203,3032,0,96% 0% 0% 0%,0.215
revcomp,racket,1,100000000,553,55.193,1726720,0,0% 0% 0% 100%,55.214
revcomp,fsharpcore,2,250000,1608,0.193,0,0,19% 69% 86% 41%,0.157
revcomp,fsharpcore,2,100000000,1608,0.000,316224,-2,14% 45% 19% 43%,48.269
revcomp,gcc,3,250000,1438,0.019,0,0,100% 0% 0% 0%,0.014
revcomp,gcc,3,100000000,1438,3.963,994444,0,42% 49% 96% 42%,1.775
revcomp,rust,3,250000,1382,0.000,0,-11,%,0.000
revcomp,rust,3,100000000,1382,0.000,0,-11,%,0.000
revcomp,csharpcore,6,250000,1621,0.200,0,0,77% 54% 8% 57%,0.130
revcomp,csharpcore,6,100000000,1621,7.166,1032860,0,41% 35% 94% 75%,2.945
revcomp,go,5,250000,996,0.026,0,0,4% 48% 43% 22%,0.251
revcomp,go,5,100000000,996,7.184,1355812,0,50% 26% 33% 20%,5.642
revcomp,go,3,250000,605,0.021,0,0,0% 43% 83% 0%,0.062
revcomp,go,3,100000000,605,4.254,826360,0,4% 97% 4% 0%,4.096
revcomp,hipe,4,250000,1171,0.736,23432,0,19% 36% 52% 23%,0.799
revcomp,hipe,4,100000000,1171,241.543,1996644,0,54% 25% 21% 37%,183.546
revcomp,fpascal,2,250000,771,0.029,0,0,0% 100% 14% 0%,0.065
revcomp,fpascal,2,100000000,771,8.309,509364,0,100% 0% 0% 0%,8.322
revcomp,hipe,3,250000,630,0.777,32512,0,51% 18% 14% 33%,0.957
revcomp,hipe,3,100000000,630,291.274,3395544,0,53% 19% 18% 36%,310.042
revcomp,node,2,250000,1221,0.241,928,0,4% 65% 8% 33%,0.267
revcomp,node,2,100000000,1221,26.349,707180,0,76% 4% 2% 25%,24.829
revcomp,gpp,5,250000,720,0.119,0,0,0% 75% 27% 17%,0.235
revcomp,gpp,5,100000000,720,42.735,747244,0,70% 1% 0% 30%,42.753
revcomp,ghc,3,250000,1020,0.036,0,0,67% 0% 0% 0%,0.036
revcomp,ghc,3,100000000,1020,7.815,501324,0,13% 8% 100% 13%,5.850
revcomp,java,6,250000,752,0.325,0,0,40% 52% 60% 20%,0.195
revcomp,java,6,100000000,752,7.260,2026596,0,21% 63% 12% 25%,6.133
revcomp,gnat,1,250000,937,0.189,0,0,5% 100% 89% 5%,0.191
revcomp,gnat,1,100000000,937,22.348,525920,0,100% 61% 5% 38%,22.359
revcomp,go,6,250000,1338,0.026,0,0,0% 0% 67% 50%,0.019
revcomp,go,6,100000000,1338,7.071,2228580,0,43% 44% 28% 46%,4.436
revcomp,vw,1,250000,926,0.000,0,-11,%,0.000
revcomp,vw,1,100000000,926,0.000,0,-11,%,0.000
revcomp,java,8,250000,2183,0.492,2096,0,50% 56% 24% 47%,0.337
revcomp,java,8,100000000,2183,7.073,680424,0,52% 70% 43% 63%,3.148
revcomp,yarv,1,250000,545,0.198,11252,0,100% 79% 29% 100%,0.144
revcomp,yarv,1,100000000,545,0.000,1164204,-2,32% 41% 27% 71%,82.654
revcomp,ocaml,2,250000,407,0.000,0,-11,%,0.000
revcomp,ocaml,2,100000000,407,0.000,0,-11,%,0.000
revcomp,gpp,2,250000,1087,0.020,0,0,%,0.000
revcomp,gpp,2,100000000,1087,4.866,979076,0,1% 0% 1% 100%,4.877
revcomp,ocaml,1,250000,1368,0.003,0,0,33% 25% 13% 0%,0.073
revcomp,ocaml,1,100000000,1368,0.004,33924,0,56% 62% 55% 58%,3.731
revcomp,truffle,1,250000,568,25.013,375352,0,91% 88% 83% 85%,7.232
revcomp,truffle,1,100000000,568,0.000,1159332,-2,95% 94% 95% 98%,384.768
revcomp,chapel,1,250000,643,0.075,0,0,44% 11% 10% 20%,0.093
revcomp,chapel,1,100000000,643,9.010,1002992,0,99% 17% 7% 15%,6.695
revcomp,jruby,3,250000,517,10.909,336776,0,75% 70% 72% 85%,3.648
revcomp,jruby,3,100000000,517,0.000,3504592,-10,53% 67% 69% 70%,100.917
revcomp,jruby,1,250000,545,12.143,334108,0,37% 48% 44% 65%,8.640
revcomp,jruby,1,100000000,545,106.687,3556432,0,45% 61% 63% 52%,125.087
revcomp,mri,3,250000,517,0.105,0,0,27% 24% 0% 44%,0.157
revcomp,mri,3,100000000,517,78.677,1397984,0,35% 53% 36% 38%,107.694
revcomp,yarv,2,250000,264,0.171,8740,0,3% 99% 0% 1%,0.698
revcomp,yarv,2,100000000,264,32.689,497404,0,100% 1% 1% 0%,32.713
revcomp,mri,2,250000,264,0.111,0,0,31% 100% 7% 0%,0.134
revcomp,mri,2,100000000,264,38.921,492568,0,60% 100% 22% 72%,38.948
revcomp,ifc,1,250000,1019,0.000,0,-11,%,0.000
revcomp,ifc,1,100000000,1019,0.000,0,-11,%,0.000
revcomp,lua,2,250000,553,0.210,380,0,18% 3% 41% 97%,0.345
revcomp,lua,2,100000000,553,75.071,2943804,0,53% 4% 2% 58%,75.981
revcomp,csharpcore,3,250000,915,0.129,0,0,56% 0% 0% 31%,0.181
revcomp,csharpcore,3,100000000,915,33.725,1410196,0,18% 38% 48% 37%,24.303
revcomp,ocaml,3,250000,1375,0.000,0,-11,%,0.000
revcomp,ocaml,3,100000000,1375,0.000,0,-11,%,0.000
revcomp,lua,4,250000,594,0.257,404,0,6% 3% 100% 0%,0.336
revcomp,lua,4,100000000,594,90.103,1483212,0,100% 0% 1% 0%,90.149
revcomp,go,2,250000,611,0.023,0,0,50% 0% 33% 0%,0.023
revcomp,go,2,100000000,611,4.163,824356,0,1% 35% 68% 2%,4.001
revcomp,swift,1,250000,1287,0.037,0,0,75% 0% 13% 0%,0.080
revcomp,swift,1,100000000,1287,4.795,772076,0,10% 8% 19% 82%,4.113
revcomp,dart,3,250000,555,0.574,55292,0,82% 10% 8% 22%,0.488
revcomp,dart,3,100000000,555,0.000,1620364,-2,49% 48% 17% 36%,7.710
revcomp,rust,1,250000,1871,0.017,0,0,100% 0% 17% 0%,0.062
revcomp,rust,1,100000000,1871,4.329,1044220,0,33% 20% 77% 26%,3.288
revcomp,gpp,3,250000,840,0.017,0,0,0% 0% 0% 100%,0.019
revcomp,gpp,3,100000000,840,4.474,500056,0,0% 1% 100% 0%,4.482
revcomp,mri,1,250000,545,0.000,0,-2,100% 0% 0% 0%,0.007
revcomp,mri,1,100000000,545,0.000,0,-2,100% 0% 0% 0%,0.007
revcomp,perl,3,250000,287,0.042,688,0,0% 100% 5% 0%,0.374
revcomp,perl,3,100000000,287,10.592,1493876,0,0% 1% 100% 0%,10.606
revcomp,gpp,4,250000,2280,0.037,0,0,100% 25% 33% 75%,0.027
revcomp,gpp,4,100000000,2280,4.663,980604,0,62% 25% 12% 54%,3.081
revcomp,csharpcore,4,250000,1714,0.134,0,0,81% 6% 7% 7%,0.157
revcomp,csharpcore,4,100000000,1714,8.178,1926612,0,32% 89% 10% 16%,5.676
revcomp,java,4,250000,651,0.314,0,0,33% 94% 32% 22%,0.183
revcomp,java,4,100000000,651,9.861,1923996,0,14% 16% 23% 53%,9.586
revcomp,gnat,2,250000,3283,0.019,0,0,86% 0% 13% 38%,0.078
revcomp,gnat,2,100000000,3283,4.490,785560,0,1% 41% 74% 1%,3.934
revcomp,truffle,2,250000,264,40.373,447288,0,90% 87% 88% 92%,11.319
revcomp,truffle,2,100000000,264,0.000,1177308,-2,36% 35% 49% 69%,239.562
revcomp,php,3,250000,438,0.040,2744,0,6% 8% 8% 92%,0.497
revcomp,php,3,100000000,438,7.574,516904,0,3% 59% 29% 59%,12.078
revcomp,gpp,1,250000,592,0.036,0,0,0% 80% 20% 0%,0.038
revcomp,gpp,1,100000000,592,11.236,979844,0,0% 3% 98% 0%,11.255
revcomp,php,1,250000,312,0.043,0,0,0% 60% 100% 0%,0.045
revcomp,php,1,100000000,312,14.938,1473012,0,100% 0% 1% 0%,14.964
revcomp,jruby,2,250000,264,13.453,334368,0,68% 38% 45% 51%,9.634
revcomp,jruby,2,100000000,264,246.256,2277264,0,16% 34% 24% 32%,241.689
revcomp,go,1,250000,1254,0.021,0,0,0% 0% 50% 0%,0.020
revcomp,go,1,100000000,1254,0.000,224644,-2,16% 26% 1% 85%,0.872
revcomp,ifc,2,250000,772,0.000,0,-11,%,0.000
revcomp,ifc,2,100000000,772,0.000,0,-11,%,0.000
revcomp,yarv,3,250000,517,0.208,8968,0,3% 76% 100% 61%,1.439
revcomp,yarv,3,100000000,517,33.694,1499188,0,51% 32% 28% 55%,66.018
revcomp,racket,2,250000,1030,0.131,0,0,0% 6% 0% 100%,0.159
revcomp,racket,2,100000000,1030,17.071,555148,0,100% 1% 1% 2%,17.076
revcomp,csharpcore,2,250000,1674,0.122,0,0,14% 71% 15% 8%,0.133
revcomp,csharpcore,2,100000000,1674,9.499,2713340,0,4% 34% 72% 58%,5.997
revcomp,gcc,4,250000,709,0.015,0,0,50% 100% 100% 0%,0.017
revcomp,gcc,4,100000000,709,7.632,500432,0,0% 1% 100% 0%,7.643
revcomp,gcc,1,250000,1874,0.020,0,0,0% 29% 89% 13%,0.074
revcomp,gcc,1,100000000,1874,4.084,1971100,0,28% 87% 2% 28%,2.929
revcomp,dart,2,250000,561,0.699,78420,0,82% 16% 15% 11%,0.604
revcomp,dart,2,100000000,561,0.000,1621568,-2,38% 62% 26% 19%,7.458
revcomp,truffle,3,250000,537,23.047,304392,0,90% 91% 88% 84%,6.656
revcomp,truffle,3,100000000,537,0.000,1119128,-2,53% 64% 76% 63%,29.956
revcomp,java,3,250000,1722,0.387,2196,0,36% 22% 25% 63%,0.371
revcomp,java,3,100000000,1722,11.036,1145884,0,85% 42% 53% 43%,5.018
revcomp,csharpcore,1,250000,1109,0.091,0,0,8% 100% 0% 0%,0.127
revcomp,csharpcore,1,100000000,1109,7.023,1028316,0,0% 1% 1% 99%,7.024
revcomp,gcc,2,250000,750,0.014,0,0,100% 0% 50% 100%,0.013
revcomp,gcc,2,100000000,750,3.198,994276,0,82% 16% 40% 17%,2.165
revcomp,hipe,1,250000,1302,0.449,19380,0,40% 41% 40% 30%,0.476
revcomp,hipe,1,100000000,1302,110.609,2070992,0,56% 57% 57% 74%,45.528
revcomp,rust,2,250000,1376,0.000,0,-11,%,0.000
revcomp,rust,2,100000000,1376,0.000,0,-11,%,0.000
revcomp,hack,1,250000,309,0.000,93232,-10,21% 56% 5% 14%,6.379
revcomp,hack,1,100000000,309,0.000,93232,-10,21% 56% 5% 14%,6.379
revcomp,gcc,5,250000,647,0.013,0,0,24% 50% 71% 11%,0.140
revcomp,gcc,5,100000000,647,2.841,994248,0,0% 1% 100% 0%,2.848
revcomp,sbcl,1,250000,904,0.037,0,0,100% 0% 0% 0%,0.039
revcomp,sbcl,1,100000000,904,11.291,1406764,0,0% 100% 2% 0%,11.307
revcomp,fsharpcore,1,250000,595,0.803,51044,0,0% 99% 73% 0%,0.839
revcomp,fsharpcore,1,100000000,595,273.258,3308844,0,30% 62% 41% 78%,269.155
revcomp,java,7,250000,1647,0.621,2208,0,26% 77% 47% 37%,0.431
revcomp,java,7,100000000,1647,9.201,1029548,0,17% 73% 70% 14%,24.148
revcomp,python3,6,250000,814,0.195,8540,0,11% 43% 44% 77%,0.563
revcomp,python3,6,100000000,814,19.726,1008868,0,9% 69% 35% 30%,18.786
revcomp,python3,4,250000,335,0.237,10196,0,58% 0% 1% 1%,1.153
revcomp,python3,4,100000000,335,37.225,3489144,0,45% 27% 22% 57%,219.967
revcomp,node,7,250000,1103,0.210,932,0,88% 4% 0% 17%,0.236
revcomp,node,7,100000000,1103,18.898,708968,0,23% 24% 56% 7%,17.373
revcomp,gpp,6,250000,1832,0.031,0,0,11% 89% 22% 0%,0.092
revcomp,gpp,6,100000000,1832,8.796,1506760,0,85% 31% 2% 22%,6.373
revcomp,java,5,250000,1108,0.313,0,0,40% 75% 21% 21%,0.192
revcomp,java,5,100000000,1108,7.148,1121596,0,80% 3% 4% 20%,6.806
revcomp,csharpcore,5,250000,1613,0.132,780,0,15% 5% 14% 64%,0.221
revcomp,csharpcore,5,100000000,1613,7.177,1031280,0,42% 23% 10% 90%,4.412
revcomp,php,2,250000,274,0.042,0,0,0% 0% 100% 0%,0.044
revcomp,php,2,100000000,274,17.765,1779140,0,0% 1% 100% 0%,17.796
spectralnorm,go,4,500,548,0.139,0,0,75% 75% 80% 75%,0.047
spectralnorm,go,4,3000,548,4.695,1540,0,99% 98% 98% 98%,1.202
spectralnorm,go,4,5500,548,15.708,2344,0,100% 100% 100% 100%,3.944
spectralnorm,gcc,3,500,463,0.240,0,0,86% 86% 88% 86%,0.080
spectralnorm,gcc,3,3000,463,4.894,1300,0,85% 90% 90% 86%,1.550
spectralnorm,gcc,3,5500,463,15.750,1328,0,99% 99% 99% 99%,3.971
spectralnorm,gpp,6,500,1044,0.178,0,0,83% 83% 100% 83%,0.064
spectralnorm,gpp,6,3000,1044,2.452,1196,0,85% 93% 88% 86%,0.806
spectralnorm,gpp,6,5500,1044,7.910,1332,0,99% 99% 99% 99%,2.015
spectralnorm,hipe,1,500,507,1.036,21156,0,8% 2% 93% 4%,0.983
spectralnorm,hipe,1,3000,507,38.654,23904,0,0% 0% 100% 0%,38.614
spectralnorm,hipe,1,5500,507,103.920,27684,0,0% 1% 0% 100%,103.897
spectralnorm,gcc,4,500,1139,0.129,0,0,100% 80% 100% 100%,0.045
spectralnorm,gcc,4,3000,1139,2.822,1288,0,84% 80% 79% 81%,1.063
spectralnorm,gcc,4,5500,1139,8.501,1296,0,98% 99% 100% 99%,2.164
spectralnorm,ghc,4,500,987,0.149,0,0,80% 60% 67% 80%,0.057
spectralnorm,ghc,4,3000,987,4.697,3852,0,94% 94% 94% 95%,1.246
spectralnorm,ghc,4,5500,987,15.712,3960,0,100% 97% 97% 95%,4.046
spectralnorm,sbcl,4,500,891,0.379,0,0,53% 69% 56% 71%,0.158
spectralnorm,sbcl,4,3000,891,12.044,61568,0,86% 85% 88% 83%,3.577
spectralnorm,sbcl,4,5500,891,40.531,65944,0,90% 92% 93% 91%,11.150
spectralnorm,php,1,500,1152,1.244,11668,0,94% 94% 97% 94%,0.333
spectralnorm,php,1,3000,1152,44.219,20008,0,100% 100% 100% 100%,11.099
spectralnorm,php,1,5500,1152,147.778,20208,0,100% 100% 100% 100%,37.086
spectralnorm,kotlin,1,500,515,0.513,1008,0,23% 18% 89% 22%,0.355
spectralnorm,kotlin,1,3000,515,5.384,34360,0,4% 18% 12% 98%,5.217
spectralnorm,kotlin,1,5500,515,17.160,35096,0,99% 1% 2% 1%,16.974
spectralnorm,php,3,500,1210,2.097,20172,0,95% 93% 95% 93%,0.562
spectralnorm,php,3,3000,1210,70.405,20316,0,100% 100% 100% 100%,17.653
spectralnorm,php,3,5500,1210,238.503,20320,0,100% 100% 100% 100%,59.762
spectralnorm,typescript,1,500,383,0.258,936,0,100% 0% 0% 4%,0.258
spectralnorm,typescript,1,3000,383,4.798,32836,0,0% 100% 1% 0%,4.798
spectralnorm,typescript,1,5500,383,15.820,33380,0,0% 100% 1% 0%,15.822
spectralnorm,hipe,2,500,747,0.763,1552,0,69% 46% 46% 55%,0.365
spectralnorm,hipe,2,3000,747,18.681,27304,0,96% 95% 95% 96%,4.932
spectralnorm,hipe,2,5500,747,61.953,30428,0,99% 99% 99% 98%,15.747
spectralnorm,gnat,4,500,2770,0.090,0,0,80% 33% 43% 60%,0.057
spectralnorm,gnat,4,3000,2770,2.358,4456,0,95% 95% 95% 97%,0.622
spectralnorm,gnat,4,5500,2770,7.871,4468,0,99% 98% 99% 99%,1.997
spectralnorm,truffle,1,500,292,27.182,325580,0,86% 89% 87% 85%,7.845
spectralnorm,truffle,1,3000,292,36.451,461368,0,73% 79% 58% 61%,13.506
spectralnorm,truffle,1,5500,292,49.874,473876,0,34% 33% 65% 64%,25.343
spectralnorm,vw,2,500,1054,2.264,330408,0,43% 40% 32% 43%,7.700
spectralnorm,vw,2,3000,1054,40.256,250076,0,68% 70% 66% 66%,15.038
spectralnorm,vw,2,5500,1054,82.068,244048,0,84% 83% 84% 86%,32.223
spectralnorm,rust,4,500,817,0.000,0,-11,%,0.000
spectralnorm,rust,4,3000,817,0.000,0,-11,%,0.000
spectralnorm,rust,4,5500,817,0.000,0,-11,%,0.000
spectralnorm,lua,1,500,329,1.878,1528,0,100% 0% 1% 1%,1.880
spectralnorm,lua,1,3000,329,65.081,2536,0,0% 100% 1% 0%,65.094
spectralnorm,lua,1,5500,329,193.235,2848,0,0% 0% 0% 100%,193.272
spectralnorm,node,2,500,336,0.247,952,0,4% 4% 100% 0%,0.247
spectralnorm,node,2,3000,336,4.791,31600,0,0% 1% 1% 100%,4.791
spectralnorm,node,2,5500,336,15.815,32444,0,100% 1% 0% 0%,15.816
spectralnorm,java,1,500,514,0.512,2040,0,26% 74% 35% 12%,0.350
spectralnorm,java,1,3000,514,5.340,34064,0,3% 2% 2% 98%,5.162
spectralnorm,java,1,5500,514,16.995,34788,0,2% 100% 1% 1%,16.824
spectralnorm,gpp,8,500,1278,0.241,0,0,88% 86% 80% 80%,0.091
spectralnorm,gpp,8,3000,1278,4.317,1324,0,92% 92% 88% 86%,1.393
spectralnorm,gpp,8,5500,1278,13.977,1308,0,99% 99% 99% 99%,3.535
spectralnorm,php,2,500,397,1.942,9412,0,1% 100% 1% 0%,1.944
spectralnorm,php,2,3000,397,70.062,9280,0,0% 0% 0% 100%,70.076
spectralnorm,php,2,5500,397,239.834,9240,0,0% 85% 16% 0%,239.883
spectralnorm,fpascal,1,500,423,0.137,0,0,0% 0% 100% 0%,0.139
spectralnorm,fpascal,1,3000,423,4.768,8,0,1% 0% 0% 100%,4.770
spectralnorm,fpascal,1,5500,423,15.968,8,0,100% 0% 1% 0%,15.971
spectralnorm,yarv,5,500,835,6.093,27804,0,82% 82% 80% 79%,1.917
spectralnorm,yarv,5,3000,835,148.198,51556,0,95% 95% 95% 95%,39.118
spectralnorm,yarv,5,5500,835,484.433,52368,0,96% 97% 97% 96%,125.648
spectralnorm,node,5,500,393,0.250,948,0,12% 100% 4% 4%,0.249
spectralnorm,node,5,3000,393,4.791,31400,0,100% 1% 0% 1%,4.791
spectralnorm,node,5,5500,393,15.814,32376,0,100% 1% 0% 0%,15.816
spectralnorm,gpp,5,500,1044,0.228,0,0,89% 78% 78% 80%,0.089
spectralnorm,gpp,5,3000,1044,2.473,1928,0,88% 89% 91% 91%,0.761
spectralnorm,gpp,5,5500,1044,7.965,1980,0,99% 99% 99% 100%,2.017
spectralnorm,racket,3,500,627,0.274,0,0,72% 39% 33% 39%,0.170
spectralnorm,racket,3,3000,627,6.192,25116,0,95% 90% 91% 90%,1.701
spectralnorm,racket,3,5500,627,20.548,27228,0,98% 96% 96% 96%,5.324
spectralnorm,dart,1,500,462,0.327,928,0,21% 3% 77% 17%,0.301
spectralnorm,dart,1,3000,462,4.918,47276,0,1% 1% 99% 2%,4.864
spectralnorm,dart,1,5500,462,16.053,47892,0,99% 1% 1% 1%,15.915
spectralnorm,rust,3,500,1053,0.098,0,0,50% 50% 67% 0%,0.049
spectralnorm,rust,3,3000,1053,2.797,2724,0,79% 84% 86% 79%,0.863
spectralnorm,rust,3,5500,1053,9.201,2752,0,91% 93% 95% 90%,2.509
spectralnorm,ifc,3,500,638,0.078,0,0,100% 100% 100% 67%,0.023
spectralnorm,ifc,3,3000,638,2.379,2940,0,98% 100% 100% 100%,0.601
spectralnorm,ifc,3,5500,638,7.883,2944,0,100% 100% 100% 99%,1.977
spectralnorm,typescript,2,500,385,0.438,32808,0,0% 2% 100% 5%,0.424
spectralnorm,typescript,2,3000,385,6.818,33448,0,0% 1% 100% 0%,6.808
spectralnorm,typescript,2,5500,385,20.997,33680,0,100% 1% 0% 0%,20.986
spectralnorm,hack,3,500,1212,1.771,86540,0,84% 45% 47% 49%,0.797
spectralnorm,hack,3,3000,1212,37.685,87560,0,96% 98% 95% 96%,9.840
spectralnorm,hack,3,5500,1212,124.679,88408,0,98% 98% 98% 99%,31.826
spectralnorm,fpascal,2,500,542,0.158,0,0,67% 71% 60% 60%,0.055
spectralnorm,fpascal,2,3000,542,4.738,1848,0,99% 99% 98% 99%,1.203
spectralnorm,fpascal,2,5500,542,15.806,1980,0,99% 99% 99% 99%,3.979
spectralnorm,truffle,5,500,862,0.000,418528,-1,3% 4% 4% 4%,300.617
spectralnorm,truffle,5,3000,862,0.000,418528,-1,3% 4% 4% 4%,300.617
spectralnorm,truffle,5,5500,862,0.000,418528,-1,3% 4% 4% 4%,300.617
spectralnorm,chapel,1,500,310,0.173,0,0,100% 67% 60% 67%,0.061
spectralnorm,chapel,1,3000,310,4.789,4972,0,99% 98% 96% 98%,1.243
spectralnorm,chapel,1,5500,310,15.811,5148,0,100% 99% 100% 99%,3.993
spectralnorm,fsharpcore,3,500,721,0.349,792,0,76% 21% 20% 23%,0.249
spectralnorm,fsharpcore,3,3000,721,5.353,36880,0,88% 88% 87% 98%,1.491
spectralnorm,fsharpcore,3,5500,721,17.453,37048,0,99% 96% 96% 96%,4.512
spectralnorm,node,3,500,381,0.249,936,0,100% 0% 0% 4%,0.249
spectralnorm,node,3,3000,381,4.787,31292,0,0% 100% 1% 0%,4.787
spectralnorm,node,3,5500,381,15.810,31964,0,100% 1% 0% 0%,15.812
spectralnorm,python3,6,500,328,5.437,10084,0,100% 0% 0% 1%,5.440
spectralnorm,python3,6,3000,328,190.359,10172,0,53% 1% 0% 47%,190.405
spectralnorm,python3,6,5500,328,646.952,10676,0,66% 11% 24% 0%,647.122
spectralnorm,jruby,4,500,326,14.875,747476,0,44% 60% 59% 55%,6.906
spectralnorm,jruby,4,3000,326,86.424,777804,0,30% 46% 15% 24%,76.477
spectralnorm,jruby,4,5500,326,264.852,783284,0,26% 36% 17% 28%,251.878
spectralnorm,perl,1,500,333,1.464,4724,0,1% 1% 99% 0%,1.466
spectralnorm,perl,1,3000,333,51.305,5960,0,0% 1% 100% 0%,51.320
spectralnorm,perl,1,5500,333,171.488,6736,0,0% 0% 0% 100%,171.527
spectralnorm,ocaml,2,500,377,0.133,0,0,0% 100% 0% 0%,0.134
spectralnorm,ocaml,2,3000,377,4.670,3056,0,100% 0% 1% 0%,4.673
spectralnorm,ocaml,2,5500,377,15.687,3624,0,51% 1% 0% 49%,15.691
spectralnorm,csharpcore,3,500,878,0.246,0,0,31% 57% 62% 29%,0.143
spectralnorm,csharpcore,3,3000,878,4.793,32448,0,91% 95% 92% 94%,1.301
spectralnorm,csharpcore,3,5500,878,15.822,32608,0,99% 97% 97% 97%,4.066
spectralnorm,java,2,500,950,0.633,2196,0,57% 67% 42% 58%,0.292
spectralnorm,java,2,3000,950,5.647,35228,0,86% 93% 88% 90%,1.589
spectralnorm,java,2,5500,950,16.796,35388,0,96% 96% 95% 97%,4.383
spectralnorm,jruby,2,500,776,23.315,762344,0,87% 85% 90% 83%,6.785
spectralnorm,jruby,2,3000,776,249.299,782120,0,97% 97% 97% 98%,64.346
spectralnorm,jruby,2,5500,776,802.048,781524,0,98% 98% 98% 98%,205.475
spectralnorm,sbcl,3,500,890,0.173,0,0,67% 56% 63% 38%,0.085
spectralnorm,sbcl,3,3000,890,4.785,19344,0,63% 67% 69% 80%,1.732
spectralnorm,sbcl,3,5500,890,15.829,19324,0,89% 89% 85% 87%,4.545
spectralnorm,gpp,2,500,453,0.017,0,0,0% 0% 0% 100%,0.018
spectralnorm,gpp,2,3000,453,0.753,72524,0,100% 4% 1% 3%,0.756
spectralnorm,gpp,2,5500,453,2.473,238984,0,100% 2% 1% 0%,2.477
spectralnorm,gcc,1,500,383,0.137,0,0,14% 100% 21% 7%,0.139
spectralnorm,gcc,1,3000,383,4.674,1144,0,3% 10% 8% 100%,4.676
spectralnorm,gcc,1,5500,383,15.685,1240,0,100% 0% 0% 0%,15.690
spectralnorm,fsharp,2,500,852,1.184,42872,0,21% 41% 12% 23%,1.522
spectralnorm,fsharp,2,3000,852,7.440,45316,0,64% 56% 58% 76%,3.019
spectralnorm,fsharp,2,5500,852,22.716,45836,0,86% 86% 92% 85%,6.527
spectralnorm,perl,2,500,343,6.121,4668,0,0% 1% 0% 100%,6.124
spectralnorm,perl,2,3000,343,224.645,5496,0,0% 100% 1% 0%,224.689
spectralnorm,perl,2,5500,343,734.202,6244,0,0% 100% 1% 0%,734.348
spectralnorm,csharpcore,1,500,459,0.228,796,0,0% 100% 8% 0%,0.230
spectralnorm,csharpcore,1,3000,459,4.777,31532,0,1% 95% 5% 1%,4.780
spectralnorm,csharpcore,1,5500,459,15.812,32804,0,100% 1% 1% 0%,15.815
spectralnorm,typescript,3,500,394,0.247,940,0,0% 96% 4% 0%,0.247
spectralnorm,typescript,3,3000,394,4.792,31708,0,0% 100% 2% 0%,4.793
spectralnorm,typescript,3,5500,394,15.828,32168,0,0% 100% 1% 0%,15.829
spectralnorm,vw,1,500,669,0.968,54508,0,19% 16% 18% 100%,0.978
spectralnorm,vw,1,3000,669,27.344,56008,0,8% 100% 8% 6%,27.364
spectralnorm,vw,1,5500,669,91.100,56232,0,1% 1% 0% 100%,91.124
spectralnorm,yarv,1,500,292,2.829,8696,0,0% 0% 100% 0%,2.832
spectralnorm,yarv,1,3000,292,99.707,9328,0,1% 100% 0% 0%,99.734
spectralnorm,yarv,1,5500,292,334.271,10100,0,0% 1% 0% 100%,334.367
spectralnorm,swift,3,500,601,0.154,0,0,67% 67% 67% 83%,0.061
spectralnorm,swift,3,3000,601,4.728,8304,0,98% 100% 99% 99%,1.196
spectralnorm,swift,3,5500,601,15.768,9476,0,100% 100% 100% 100%,3.957
spectralnorm,ocaml,3,500,914,0.375,0,0,67% 77% 54% 83%,0.132
spectralnorm,ocaml,3,3000,914,4.879,8128,0,93% 90% 90% 88%,1.360
spectralnorm,ocaml,3,5500,914,15.968,5280,0,92% 94% 93% 92%,4.313
spectralnorm,perl,3,500,850,6.791,5536,0,89% 82% 85% 84%,2.008
spectralnorm,perl,3,3000,850,231.593,15372,0,99% 99% 99% 99%,58.378
spectralnorm,perl,3,5500,850,885.823,16800,0,100% 100% 100% 100%,222.078
spectralnorm,sbcl,5,500,899,0.170,0,0,38% 67% 22% 56%,0.093
spectralnorm,sbcl,5,3000,899,4.776,19148,0,64% 72% 72% 66%,1.766
spectralnorm,sbcl,5,5500,899,15.850,19328,0,86% 88% 90% 87%,4.552
spectralnorm,yarv,4,500,326,2.368,9116,0,0% 1% 100% 0%,2.371
spectralnorm,yarv,4,3000,326,85.743,9708,0,100% 1% 0% 0%,85.764
spectralnorm,yarv,4,5500,326,293.696,10676,0,0% 1% 87% 13%,293.767
spectralnorm,ghc,2,500,403,0.138,0,0,0% 93% 0% 0%,0.146
spectralnorm,ghc,2,3000,403,4.717,4704,0,0% 100% 1% 0%,4.716
spectralnorm,ghc,2,5500,403,15.779,5956,0,0% 1% 100% 0%,15.775
spectralnorm,mri,1,500,292,20.138,4312,0,1% 100% 0% 0%,20.146
spectralnorm,mri,1,3000,292,710.938,4564,0,0% 0% 64% 36%,711.148
spectralnorm,mri,1,5500,292,2501.408,5956,0,19% 45% 37% 0%,2502.158
spectralnorm,gpp,1,500,452,0.140,0,0,100% 69% 7% 7%,0.141
spectralnorm,gpp,1,3000,452,4.852,3064,0,1% 100% 1% 1%,4.859
spectralnorm,gpp,1,5500,452,16.254,1904,0,0% 1% 0% 100%,16.258
spectralnorm,mri,5,500,835,27.325,5540,0,91% 89% 91% 93%,7.517
spectralnorm,mri,5,3000,835,1014.192,20944,0,98% 98% 98% 97%,260.289
spectralnorm,mri,5,5500,835,3761.991,22028,0,99% 99% 99% 99%,956.586
spectralnorm,gnat,3,500,1717,0.146,0,0,67% 67% 57% 67%,0.063
spectralnorm,gnat,3,3000,1717,4.692,4236,0,97% 98% 97% 96%,1.219
spectralnorm,gnat,3,5500,1717,15.716,4492,0,99% 99% 99% 99%,3.968
spectralnorm,perl,5,500,340,1.455,4724,0,0% 2% 100% 0%,1.457
spectralnorm,perl,5,3000,340,45.803,5900,0,0% 1% 100% 0%,45.816
spectralnorm,perl,5,5500,340,154.709,6804,0,0% 100% 1% 0%,154.741
spectralnorm,ifc,2,500,513,0.068,0,0,0% 0% 100% 0%,0.069
spectralnorm,ifc,2,3000,513,2.337,2880,0,0% 2% 100% 0%,2.339
spectralnorm,ifc,2,5500,513,7.846,2880,0,0% 1% 100% 0%,7.849
spectralnorm,gcc,5,500,569,0.319,0,0,83% 92% 85% 80%,0.118
spectralnorm,gcc,5,3000,569,2.685,1216,0,76% 88% 88% 81%,0.993
spectralnorm,gcc,5,5500,569,7.891,1300,0,99% 99% 100% 99%,2.003
spectralnorm,sbcl,1,500,631,0.161,0,0,0% 0% 100% 0%,0.163
spectralnorm,sbcl,1,3000,631,5.443,19552,0,0% 2% 100% 1%,5.446
spectralnorm,sbcl,1,5500,631,18.273,20356,0,1% 0% 0% 100%,18.279
spectralnorm,erlang,1,500,507,1.748,24320,0,2% 2% 2% 98%,1.717
spectralnorm,erlang,1,3000,507,58.756,24148,0,2% 1% 100% 3%,58.742
spectralnorm,erlang,1,5500,507,191.888,30416,0,0% 1% 1% 100%,191.909
spectralnorm,truffle,4,500,326,25.080,320244,0,84% 91% 87% 84%,7.245
spectralnorm,truffle,4,3000,326,34.141,463148,0,50% 47% 87% 52%,14.460
spectralnorm,truffle,4,5500,326,51.189,469692,0,22% 26% 50% 66%,31.057
spectralnorm,erlang,2,500,747,1.420,22000,0,53% 61% 70% 67%,0.583
spectralnorm,erlang,2,3000,747,44.680,24780,0,98% 96% 96% 96%,11.629
spectralnorm,erlang,2,5500,747,149.480,28696,0,96% 97% 98% 97%,38.563
spectralnorm,gnat,1,500,716,0.133,0,0,0% 0% 100% 0%,0.135
spectralnorm,gnat,1,3000,716,4.670,2052,0,100% 0% 0% 0%,4.673
spectralnorm,gnat,1,5500,716,15.687,2124,0,0% 100% 1% 0%,15.691
spectralnorm,rust,2,500,1110,0.162,0,0,57% 71% 50% 71%,0.070
spectralnorm,rust,2,3000,1110,4.746,2724,0,76% 74% 88% 84%,1.485
spectralnorm,rust,2,5500,1110,15.748,2752,0,95% 95% 94% 94%,4.186
spectralnorm,mri,4,500,326,22.363,4568,0,0% 100% 1% 0%,22.445
spectralnorm,mri,4,3000,326,829.197,4584,0,0% 41% 59% 0%,829.424
spectralnorm,mri,4,5500,326,2739.198,6068,0,32% 28% 40% 1%,2739.973
spectralnorm,dart,5,500,489,0.343,944,0,3% 22% 22% 77%,0.316
spectralnorm,dart,5,3000,489,5.083,47724,0,3% 0% 98% 1%,5.026
spectralnorm,dart,5,5500,489,16.056,47608,0,61% 1% 1% 40%,15.920
spectralnorm,fsharpcore,4,500,732,0.332,792,0,19% 19% 19% 85%,0.269
spectralnorm,fsharpcore,4,3000,732,4.965,36264,0,87% 87% 88% 96%,1.404
spectralnorm,fsharpcore,4,5500,732,16.213,36760,0,99% 95% 96% 96%,4.215
spectralnorm,fsharpcore,2,500,853,0.315,792,0,24% 26% 19% 86%,0.213
spectralnorm,fsharpcore,2,3000,853,5.045,36352,0,88% 88% 88% 97%,1.403
spectralnorm,fsharpcore,2,5500,853,16.691,37008,0,96% 96% 96% 99%,4.321
spectralnorm,node,1,500,319,0.262,952,0,7% 0% 7% 100%,0.261
spectralnorm,node,1,3000,319,4.798,31988,0,0% 0% 0% 100%,4.798
spectralnorm,node,1,5500,319,15.823,33320,0,0% 100% 1% 0%,15.824
spectralnorm,sbcl,2,500,915,0.179,0,0,60% 63% 29% 60%,0.086
spectralnorm,sbcl,2,3000,915,4.780,19196,0,74% 66% 69% 63%,1.773
spectralnorm,sbcl,2,5500,915,15.832,19440,0,89% 87% 86% 88%,4.577
spectralnorm,swift,1,500,438,0.159,1280,0,0% 0% 70% 4%,0.286
spectralnorm,swift,1,3000,438,4.844,15384,0,0% 100% 0% 0%,4.848
spectralnorm,swift,1,5500,438,16.178,16636,0,100% 1% 0% 0%,16.184
spectralnorm,racket,1,500,446,0.413,2756,0,100% 0% 0% 2%,0.415
spectralnorm,racket,1,3000,446,12.046,24692,0,100% 0% 0% 1%,12.047
spectralnorm,racket,1,5500,446,40.321,24820,0,100% 1% 0% 0%,40.314
spectralnorm,python3,5,500,443,6.155,15512,0,76% 75% 92% 74%,1.947
spectralnorm,python3,5,3000,443,212.681,15424,0,99% 99% 100% 98%,53.808
spectralnorm,python3,5,5500,443,720.513,15876,0,100% 100% 100% 100%,180.969
spectralnorm,fsharp,3,500,720,1.464,46820,0,53% 14% 18% 15%,1.554
spectralnorm,fsharp,3,3000,720,6.788,46340,0,49% 56% 53% 66%,3.060
spectralnorm,fsharp,3,5500,720,18.656,48560,0,84% 89% 80% 84%,5.561
spectralnorm,perl,4,500,555,1.437,7732,0,68% 83% 79% 73%,0.475
spectralnorm,perl,4,3000,555,47.496,9404,0,93% 93% 96% 94%,12.665
spectralnorm,perl,4,5500,555,165.141,10980,0,99% 99% 99% 98%,41.830
spectralnorm,rust,1,500,1254,0.153,0,0,60% 60% 80% 50%,0.061
spectralnorm,rust,1,3000,1254,4.763,2764,0,79% 82% 82% 80%,1.495
spectralnorm,rust,1,5500,1254,15.757,2776,0,95% 93% 93% 93%,4.223
spectralnorm,go,1,500,411,0.138,0,0,0% 0% 0% 100%,0.138
spectralnorm,go,1,3000,411,4.678,1804,0,100% 0% 1% 0%,4.678
spectralnorm,go,1,5500,411,15.696,2368,0,1% 0% 0% 100%,15.695
spectralnorm,go,2,500,668,0.145,0,0,50% 80% 83% 40%,0.060
spectralnorm,go,2,3000,668,4.730,1540,0,86% 91% 89% 89%,1.337
spectralnorm,go,2,5500,668,15.729,1796,0,95% 95% 96% 95%,4.130
spectralnorm,racket,2,500,532,0.396,2772,0,100% 2% 0% 3%,0.398
spectralnorm,racket,2,3000,532,11.300,25088,0,100% 0% 1% 1%,11.301
spectralnorm,racket,2,5500,532,37.764,28480,0,100% 1% 1% 0%,37.762
spectralnorm,hack,2,500,398,1.285,85584,0,0% 2% 98% 1%,1.303
spectralnorm,hack,2,3000,398,36.568,86584,0,1% 0% 1% 100%,36.594
spectralnorm,hack,2,5500,398,122.207,86752,0,19% 28% 34% 21%,122.259
spectralnorm,jruby,1,500,292,16.667,760352,0,53% 65% 59% 56%,7.245
spectralnorm,jruby,1,3000,292,138.308,777836,0,4% 5% 32% 68%,128.084
spectralnorm,jruby,1,5500,292,455.214,785984,0,15% 23% 21% 46%,441.882
threadring,sbcl,2,500000,575,4.274,40600,0,62% 33% 9% 64%,2.970
threadring,sbcl,2,5000000,575,43.092,40600,0,29% 43% 42% 29%,31.027
threadring,sbcl,2,50000000,575,417.504,40600,0,42% 28% 29% 40%,291.186
threadring,gcc,3,500000,916,1.671,5568,0,99% 1% 1% 2%,1.666
threadring,gcc,3,5000000,916,16.520,5680,0,100% 0% 0% 2%,16.521
threadring,gcc,3,50000000,916,165.353,5624,0,100% 0% 0% 1%,165.407
threadring,java,3,500000,530,5.987,51720,0,4% 63% 64% 5%,4.333
threadring,java,3,5000000,530,53.014,52484,0,29% 36% 35% 30%,39.320
threadring,java,3,50000000,530,517.459,359916,0,28% 37% 37% 27%,386.636
threadring,rust,1,500000,473,4.743,6648,0,1% 1% 67% 66%,3.483
threadring,rust,1,5000000,473,46.583,6788,0,24% 23% 41% 41%,34.340
threadring,rust,1,50000000,473,467.719,6852,0,26% 26% 39% 39%,345.083
threadring,gnat,6,500000,1024,1.901,960,0,94% 94% 94% 92%,0.514
threadring,gnat,6,5000000,1024,18.268,12080,0,98% 98% 99% 98%,4.667
threadring,gnat,6,50000000,1024,191.509,11808,0,100% 100% 100% 100%,48.077
threadring,hipe,1,500000,273,0.701,21516,0,85% 11% 5% 16%,0.621
threadring,hipe,1,5000000,273,4.937,21612,0,99% 5% 1% 1%,4.854
threadring,hipe,1,50000000,273,44.838,21904,0,0% 0% 1% 100%,44.730
threadring,go,6,500000,420,0.152,0,0,94% 6% 0% 7%,0.153
threadring,go,6,5000000,420,1.355,2496,0,0% 0% 100% 1%,1.357
threadring,go,6,50000000,420,13.684,2748,0,0% 1% 100% 0%,13.685
threadring,perl,3,500000,494,10.621,717840,0,44% 34% 5% 32%,9.141
threadring,perl,3,5000000,494,70.733,721628,0,29% 28% 28% 35%,55.922
threadring,perl,3,50000000,494,668.659,721668,0,33% 28% 29% 33%,522.797
threadring,go,5,500000,405,1.618,2492,0,54% 53% 58% 65%,0.708
threadring,go,5,5000000,405,16.183,2492,0,59% 56% 56% 53%,7.201
threadring,go,5,50000000,405,162.801,2488,0,58% 56% 56% 54%,72.534
threadring,hipe,2,500000,273,0.665,21812,0,9% 7% 97% 7%,0.590
threadring,hipe,2,5000000,273,4.746,21996,0,2% 99% 1% 2%,4.664
threadring,hipe,2,50000000,273,44.837,21992,0,11% 89% 1% 1%,44.764
threadring,fsharpcore,2,500000,555,7.138,72168,0,73% 75% 65% 72%,2.544
threadring,fsharpcore,2,5000000,555,70.499,71444,0,79% 80% 79% 78%,22.788
threadring,fsharpcore,2,50000000,555,718.150,73312,0,80% 78% 77% 79%,233.228
threadring,truffle,2,500000,215,0.000,505252,-2,20% 20% 24% 21%,76.362
threadring,truffle,2,5000000,215,0.000,505252,-2,20% 20% 24% 21%,76.362
threadring,truffle,2,50000000,215,0.000,505252,-2,20% 20% 24% 21%,76.362
threadring,python3,2,500000,288,3.749,15348,0,24% 40% 41% 21%,2.819
threadring,python3,2,5000000,288,35.538,15448,0,47% 17% 17% 46%,26.417
threadring,python3,2,50000000,288,356.061,15236,0,54% 11% 10% 55%,263.790
threadring,gnat,1,500000,607,5.381,11812,0,76% 8% 7% 76%,3.249
threadring,gnat,1,5000000,607,63.617,12032,0,41% 42% 43% 42%,38.847
threadring,gnat,1,50000000,607,682.545,11832,0,42% 41% 41% 42%,398.308
threadring,gnat,4,500000,966,2.837,12228,0,0% 62% 64% 1%,2.211
threadring,gnat,4,5000000,966,28.525,12224,0,41% 23% 23% 41%,22.744
threadring,gnat,4,50000000,966,279.089,12040,0,38% 20% 21% 39%,215.733
threadring,perl,1,500000,353,15.714,310620,0,59% 8% 7% 61%,11.602
threadring,perl,1,5000000,353,149.388,310728,0,8% 61% 61% 8%,107.311
threadring,perl,1,50000000,353,1516.107,310608,0,56% 13% 13% 56%,1081.496
threadring,rust,2,500000,940,4.094,6640,0,67% 67% 66% 66%,1.506
threadring,rust,2,5000000,940,36.415,6832,0,77% 77% 34% 34%,16.096
threadring,rust,2,50000000,940,335.519,6804,0,61% 61% 40% 40%,165.772
threadring,gcc,2,500000,575,2.275,5504,0,6% 56% 54% 9%,1.724
threadring,gcc,2,5000000,575,23.771,5504,0,30% 35% 34% 30%,18.864
threadring,gcc,2,50000000,575,223.964,5556,0,27% 33% 32% 27%,168.506
threadring,gpp,2,500000,588,2.292,7452,0,60% 63% 10% 12%,1.746
threadring,gpp,2,5000000,588,22.623,7492,0,44% 42% 16% 17%,17.023
threadring,gpp,2,50000000,588,217.257,7400,0,35% 35% 23% 24%,164.082
threadring,erlang,3,500000,465,0.672,22968,0,89% 17% 13% 4%,0.570
threadring,erlang,3,5000000,465,4.380,22596,0,99% 1% 1% 2%,4.312
threadring,erlang,3,50000000,465,41.540,24800,0,1% 100% 1% 1%,41.454
threadring,chapel,1,500000,209,0.598,1952,0,100% 6% 3% 93%,0.308
threadring,chapel,1,5000000,209,5.679,7092,0,100% 1% 0% 100%,2.862
threadring,chapel,1,50000000,209,54.606,7152,0,100% 1% 0% 100%,27.320
threadring,csharpcore,2,500000,591,61.657,41204,0,60% 60% 61% 60%,25.630
threadring,csharpcore,2,5000000,591,602.666,40640,0,61% 61% 62% 62%,246.079
threadring,csharpcore,2,50000000,591,6019.947,40720,0,61% 61% 62% 62%,2456.841
threadring,jruby,2,500000,232,0.000,748008,-2,83% 40% 19% 65%,48.137
threadring,jruby,2,5000000,232,0.000,748008,-2,83% 40% 19% 65%,48.137
threadring,jruby,2,50000000,232,0.000,748008,-2,83% 40% 19% 65%,48.137
threadring,gpp,5,500000,652,0.551,832,0,24% 24% 65% 64%,0.323
threadring,gpp,5,5000000,652,7.097,7168,0,42% 42% 44% 45%,4.096
threadring,gpp,5,50000000,652,67.447,7312,0,56% 55% 31% 31%,38.433
threadring,gnat,2,500000,565,3.809,12008,0,50% 32% 32% 51%,2.855
threadring,gnat,2,5000000,565,37.644,12208,0,25% 42% 43% 26%,26.696
threadring,gnat,2,50000000,565,372.668,11984,0,29% 37% 38% 29%,261.135
threadring,csharpcore,1,500000,476,6.003,39088,0,73% 2% 2% 72%,4.079
threadring,csharpcore,1,5000000,476,58.053,39564,0,34% 38% 37% 35%,39.267
threadring,csharpcore,1,50000000,476,575.001,39256,0,35% 37% 37% 35%,389.184
threadring,vw,2,500000,655,0.600,56796,0,1% 0% 3% 99%,0.808
threadring,vw,2,5000000,655,4.232,56304,0,1% 100% 0% 1%,4.263
threadring,vw,2,50000000,655,39.652,57012,0,1% 1% 100% 1%,39.671
threadring,ocaml,1,500000,282,4.978,4876,0,1% 64% 66% 1%,3.799
threadring,ocaml,1,5000000,282,53.793,4892,0,48% 16% 15% 48%,40.487
threadring,ocaml,1,50000000,282,571.458,4596,0,27% 36% 36% 28%,424.722
threadring,gcc,4,500000,761,2.309,5512,0,54% 8% 5% 57%,1.743
threadring,gcc,4,5000000,761,22.596,5560,0,41% 19% 18% 41%,17.009
threadring,gcc,4,50000000,761,225.685,5516,0,26% 32% 32% 27%,170.163
threadring,racket,1,500000,262,2.937,42600,0,100% 0% 0% 1%,2.939
threadring,racket,1,5000000,262,27.328,55852,0,0% 100% 1% 0%,27.337
threadring,racket,1,50000000,262,272.578,104920,0,55% 1% 1% 45%,272.641
threadring,erlang,2,500000,273,0.692,23884,0,17% 89% 13% 5%,0.578
threadring,erlang,2,5000000,273,4.556,23560,0,3% 3% 97% 3%,4.383
threadring,erlang,2,50000000,273,41.624,25024,0,1% 89% 12% 1%,41.579
threadring,mri,1,500000,331,0.000,0,-2,%,0.000
threadring,mri,1,5000000,331,0.000,0,-2,%,0.000
threadring,mri,1,50000000,331,0.000,0,-2,%,0.000
threadring,truffle,1,500000,331,33.214,359792,0,64% 61% 63% 62%,13.262
threadring,truffle,1,5000000,331,103.094,474408,0,36% 37% 44% 43%,63.349
threadring,truffle,1,50000000,331,807.475,434424,0,35% 35% 35% 35%,563.621
threadring,yarv,2,500000,215,12.206,22016,0,14% 16% 55% 52%,8.691
threadring,yarv,2,5000000,215,102.603,21952,0,18% 19% 54% 58%,65.532
threadring,yarv,2,50000000,215,996.152,21868,0,52% 54% 20% 20%,631.111
threadring,sbcl,1,500000,622,3.705,40596,0,71% 1% 1% 71%,2.588
threadring,sbcl,1,5000000,622,36.585,40596,0,35% 33% 33% 34%,25.545
threadring,sbcl,1,50000000,622,358.883,40596,0,38% 30% 30% 38%,249.448
threadring,gpp,1,500000,636,2.736,7128,0,59% 59% 13% 15%,1.987
threadring,gpp,1,5000000,636,24.639,7160,0,62% 63% 7% 8%,16.687
threadring,gpp,1,50000000,636,246.016,7160,0,26% 26% 40% 40%,168.629
threadring,java,7,500000,473,5.567,38372,0,3% 65% 66% 3%,4.077
threadring,java,7,5000000,473,50.914,39020,0,48% 17% 17% 47%,37.640
threadring,java,7,50000000,473,505.823,38340,0,22% 42% 42% 22%,374.239
threadring,gnat,3,500000,733,2.835,11976,0,61% 0% 1% 63%,2.200
threadring,gnat,3,5000000,733,28.720,12196,0,35% 29% 25% 36%,22.353
threadring,gnat,3,50000000,733,278.089,11940,0,38% 21% 21% 39%,215.080
threadring,hipe,3,500000,465,0.665,21936,0,12% 8% 7% 91%,0.584
threadring,hipe,3,5000000,465,4.680,21896,0,1% 98% 3% 3%,4.578
threadring,hipe,3,50000000,465,44.010,22192,0,0% 0% 100% 1%,43.946
threadring,jruby,1,500000,342,19.320,285104,0,32% 29% 68% 68%,9.887
threadring,jruby,1,5000000,342,79.065,528880,0,25% 24% 47% 46%,54.228
threadring,jruby,1,50000000,342,652.964,732700,0,28% 28% 36% 36%,484.368
threadring,mri,2,500000,215,18.818,10356,0,0% 0% 1% 100%,18.822
threadring,mri,2,5000000,215,187.258,12776,0,100% 0% 1% 0%,187.281
threadring,mri,2,50000000,215,1889.916,17144,0,100% 1% 1% 0%,1890.246
threadring,ocaml,3,500000,296,2.634,7064,0,45% 15% 16% 44%,2.021
threadring,ocaml,3,5000000,296,25.987,7028,0,55% 7% 7% 55%,19.842
threadring,ocaml,3,50000000,296,263.026,7168,0,29% 30% 30% 30%,200.926
threadring,fsharpcore,3,500000,329,0.389,792,0,13% 3% 3% 90%,0.385
threadring,fsharpcore,3,5000000,329,2.161,62748,0,39% 19% 26% 26%,2.050
threadring,fsharpcore,3,50000000,329,19.232,62980,0,36% 25% 35% 11%,18.376
threadring,fpascal,1,500000,538,0.000,0,-11,%,0.000
threadring,fpascal,1,5000000,538,0.000,0,-11,%,0.000
threadring,fpascal,1,50000000,538,0.000,0,-11,%,0.000
threadring,ghc,1,500000,306,0.127,0,0,82% 25% 31% 8%,0.116
threadring,ghc,1,5000000,306,1.048,6968,0,6% 99% 3% 5%,0.927
threadring,ghc,1,50000000,306,9.703,7236,0,4% 4% 4% 100%,8.786
threadring,yarv,1,500000,331,4.002,21964,0,60% 60% 4% 1%,3.165
threadring,yarv,1,5000000,331,37.938,22272,0,22% 21% 38% 39%,29.829
threadring,yarv,1,50000000,331,371.113,22000,0,35% 35% 25% 25%,291.307
threadring,gpp,4,500000,572,0.703,808,0,10% 10% 83% 77%,0.403
threadring,gpp,4,5000000,572,6.301,7316,0,54% 54% 31% 31%,3.662
threadring,gpp,4,50000000,572,49.481,7184,0,47% 46% 39% 38%,29.867
threadring,gcc,1,500000,487,2.186,7356,0,54% 9% 6% 53%,1.648
threadring,gcc,1,5000000,487,21.738,7384,0,31% 27% 27% 32%,16.393
threadring,gcc,1,50000000,487,214.453,7456,0,33% 27% 26% 33%,161.257
threadring,erlang,1,500000,273,0.612,22656,0,14% 7% 2% 93%,0.550
threadring,erlang,1,5000000,273,4.416,26300,0,1% 2% 4% 97%,4.341
threadring,erlang,1,50000000,273,41.844,25232,0,0% 1% 1% 100%,41.748
threadring,ocaml,2,500000,350,2.706,2960,0,62% 1% 1% 64%,2.067
threadring,ocaml,2,5000000,350,26.199,2012,0,45% 14% 15% 45%,20.134
threadring,ocaml,2,50000000,350,263.253,2976,0,26% 33% 33% 26%,202.006
